-0.6181715726852417,0.050065524876117706,0.9628781080245972,-0.6086496710777283,0.03893212229013443,0.9455585479736328,-0.6058684587478638,0.027148939669132233,0.9567829370498657,-0.5905923247337341,0.05825874209403992,0.960239827632904,-0.5991234183311462,0.08174755424261093,1.0239514112472534,-0.5964065790176392,0.054637908935546875,0.9905697703361511,-0.5834738612174988,0.09109766781330109,1.036676287651062,-0.5865152478218079,0.07139760255813599,1.2030940055847168,-0.5975186824798584,0.09142352640628815,1.197633147239685,-0.5827224850654602,0.07307849079370499,1.0541616678237915,-0.601555585861206,0.09259855002164841,1.2205954790115356,-0.579561173915863,0.051093939691782,1.0093883275985718,-0.5928654670715332,0.07773354649543762,1.3274855613708496,-0.5826117396354675,0.09107319265604019,1.334760069847107,-0.568867564201355,0.0782003253698349,1.2756009101867676,-0.5755091905593872,0.06806939840316772,1.372896432876587,-0.5862519145011902,0.0633770078420639,1.3271172046661377,-0.5987001061439514,0.09931369125843048,1.209970235824585,-0.5799381136894226,0.08516963571310043,1.320151448249817,-0.5701396465301514,0.07611608505249023,1.374308466911316,-0.5547254681587219,0.06830528378486633,1.3415037393569946,-0.5550059676170349,0.0576983243227005,1.312514066696167,-0.5666390657424927,0.06220239773392677,1.2726161479949951,-0.5534480810165405,0.052227333188056946,1.3746631145477295,-0.5376164317131042,0.06999656558036804,1.3857793807983398,-0.5513521432876587,0.06110062077641487,1.452500820159912,-0.5562379956245422,0.040548983961343765,1.444782018661499,-0.5422952771186829,0.061119306832551956,1.4442760944366455,-0.5226669311523438,0.05734002962708473,1.4290815591812134,-0.5260077714920044,0.04728011041879654,1.4339988231658936,-0.5392003655433655,0.051296498626470566,1.4161481857299805,-0.520712673664093,0.042060188949108124,1.4712142944335938,-0.5519012808799744,0.05671576410531998,1.341569185256958,-0.5116806030273438,0.05822499096393585,1.3636903762817383,-0.5173360705375671,0.05377999320626259,1.519067406654358,-0.5196629762649536,0.041825540363788605,1.5173345804214478,-0.48186036944389343,0.009741637855768204,1.5053913593292236,-0.4949754774570465,0.04203922301530838,1.4979430437088013,-0.4930390417575836,0.03665268048644066,1.541046142578125,-0.49245524406433105,0.022635746747255325,1.4918302297592163,-0.48636171221733093,0.04735967144370079,1.5350044965744019,-0.46984589099884033,0.03751739487051964,1.5662001371383667,-0.4760836064815521,0.02229955419898033,1.5560781955718994,-0.46213072538375854,0.007990933954715729,1.5910875797271729,-0.46848928928375244,0.0054566264152526855,1.620418667793274,-0.4686056971549988,0.011393025517463684,1.615080714225769,-0.47256574034690857,0.0052350834012031555,1.6024634838104248,-0.4599221646785736,0.016334429383277893,1.5981783866882324,-0.43325290083885193,-0.0021293647587299347,1.646127700805664,-0.42754656076431274,-0.018558397889137268,1.6052172183990479,-0.4149106442928314,-0.0009679123759269714,1.6332390308380127,-0.4497051239013672,-0.013180151581764221,1.6641663312911987,-0.4448378384113312,0.0017803870141506195,1.6674370765686035,-0.43572479486465454,-0.012019876390695572,1.6407470703125,-0.3980124294757843,-0.030719764530658722,1.6859073638916016,-0.40104109048843384,-0.03805645555257797,1.6755865812301636,-0.3893839716911316,-0.015953660011291504,1.6862863302230835,-0.3558366596698761,-0.04154476150870323,1.6561152935028076,-0.35797423124313354,-0.022710371762514114,1.7130436897277832,-0.32534727454185486,-0.0484422892332077,1.697200059890747,-0.35441887378692627,-0.014903068542480469,1.6639901399612427,-0.3033312261104584,-0.032012101262807846,1.70115327835083,-0.2849210500717163,-0.05020589008927345,1.7015774250030518,-0.29255491495132446,-0.0205580722540617,1.6768593788146973,-0.2796992063522339,-0.013928327709436417,1.7034673690795898,-0.26650556921958923,-0.03417010232806206,1.6898612976074219,-0.26127785444259644,-0.030230246484279633,1.6456726789474487,-0.2564874589443207,-0.0654333084821701,1.6781585216522217,-0.2701273262500763,-0.04458549991250038,1.5748097896575928,-0.2391558289527893,-0.05861330032348633,1.6305010318756104,-0.20668934285640717,-0.030977148562669754,1.5687322616577148,-0.21840007603168488,-0.047557584941387177,1.6028025150299072,-0.23008109629154205,-0.04208080843091011,1.6377358436584473,-0.20483587682247162,-0.05644461512565613,1.558258056640625,-0.173391193151474,-0.027540981769561768,1.525545358657837,-0.1710696667432785,-0.04843859747052193,1.4980895519256592,-0.18981218338012695,-0.0516539141535759,1.5539510250091553,-0.20723675191402435,-0.014631908386945724,1.5205121040344238,-0.10836783051490784,-0.05727753788232803,1.3837370872497559,-0.14569596946239471,-0.03567996621131897,1.4708504676818848,-0.13024237751960754,-0.046361081302165985,1.4302438497543335,-0.11044283956289291,-0.017235884442925453,1.3597958087921143,-0.10118365287780762,-0.042771875858306885,1.3908904790878296,-0.09588523209095001,-0.03274375945329666,1.3821980953216553,-0.10774461179971695,-0.019461292773485184,1.3408229351043701,-0.06215481460094452,-0.0578765869140625,1.334968090057373,-0.04227534309029579,-0.04510808363556862,1.342006802558899,-0.045430198311805725,-0.042436566203832626,1.3665130138397217,-0.04433029517531395,-0.0637904480099678,1.3517181873321533,0.05288694426417351,-0.07369384169578552,1.360355257987976,0.06127724051475525,-0.07459531724452972,1.33258056640625,0.05838923156261444,-0.09015151858329773,1.342838168144226,0.05886843800544739,-0.061435021460056305,1.3500006198883057,0.09775107353925705,-0.08526980876922607,1.366441249847412,0.09864744544029236,-0.0685405507683754,1.3660372495651245,0.10849994421005249,-0.07379552721977234,1.3127044439315796,0.14289869368076324,-0.09186182916164398,1.3632471561431885,0.11357050389051437,-0.0820305272936821,1.3102905750274658,0.13957035541534424,-0.0899570882320404,1.3829989433288574,0.1234377771615982,-0.05921899527311325,1.3211785554885864,0.14050324261188507,-0.07189272344112396,1.3858654499053955,0.17297478020191193,-0.07887805998325348,1.4274489879608154,0.1980227828025818,-0.09533432126045227,1.4751310348510742,0.1873313933610916,-0.0933847650885582,1.3356163501739502,0.21029695868492126,-0.11061401665210724,1.492426872253418,0.20383258163928986,-0.10515232384204865,1.4076250791549683,0.22123542428016663,-0.09083515405654907,1.490125298500061,0.24847212433815002,-0.11083118617534637,1.5468854904174805,0.2605537474155426,-0.10016360878944397,1.5562652349472046,0.2720153331756592,-0.1102706789970398,1.5848082304000854,0.27622097730636597,-0.1277409791946411,1.5997109413146973,0.2883791923522949,-0.13880224525928497,1.6036745309829712,0.31578314304351807,-0.13600057363510132,1.6180015802383423,0.3398403823375702,-0.11076392233371735,1.6079862117767334,0.32009565830230713,-0.11974596977233887,1.6248888969421387,0.34272855520248413,-0.13797655701637268,1.578751564025879,0.3709062933921814,-0.10447835922241211,1.4975234270095825,0.3448523283004761,-0.13537999987602234,1.6102051734924316,0.3931611478328705,-0.12344489246606827,1.6130510568618774,0.391067236661911,-0.14060674607753754,1.6061146259307861,0.43800872564315796,-0.1422591358423233,1.5708211660385132,0.3948056697845459,-0.1369340717792511,1.54486083984375,0.39728155732154846,-0.13591869175434113,1.4451086521148682,0.38759905099868774,-0.09447896480560303,1.4057095050811768,0.43814486265182495,-0.12548811733722687,1.5880473852157593,0.5119064450263977,-0.13601568341255188,1.5060617923736572,0.451277494430542,-0.13058841228485107,1.5837717056274414,0.4853079915046692,-0.1378171592950821,1.560338020324707,0.45369386672973633,-0.12022614479064941,1.537306308746338,0.4881036579608917,-0.12313775718212128,1.56744384765625,0.5115088224411011,-0.12101053446531296,1.520795226097107,0.5056179761886597,-0.112372025847435,1.498870849609375,0.4645095467567444,-0.13303618133068085,1.508170247077942,0.4877932369709015,-0.12860053777694702,1.5397194623947144,0.5034698247909546,-0.12670014798641205,1.488507628440857,0.5204737782478333,-0.10032185912132263,1.4542551040649414,0.5267360806465149,-0.11238076537847519,1.4485722780227661,0.5245252847671509,-0.09805266559123993,1.415496587753296,0.5382116436958313,-0.11674323678016663,1.4036446809768677,0.5739386081695557,-0.09421803802251816,1.4239404201507568,0.5672464966773987,-0.10939408093690872,1.420681118965149,0.5643784999847412,-0.09561874717473984,1.3805203437805176,0.5505579710006714,-0.10705798864364624,1.406937599182129,0.5539547204971313,-0.09427404403686523,1.3400394916534424,0.5567412972450256,-0.10659714788198471,1.336554765701294,0.5888997316360474,-0.0877837985754013,1.3058322668075562,0.5683488845825195,-0.08604402840137482,1.2743055820465088,0.5514100790023804,-0.10442730784416199,1.27707839012146,0.5647938847541809,-0.08514653146266937,1.2354600429534912,0.5641870498657227,-0.1141498014330864,1.3707066774368286,0.5904326438903809,-0.09773094207048416,1.353699803352356,0.5788301229476929,-0.1019623652100563,1.3062853813171387,0.5803245306015015,-0.11746986210346222,1.3512898683547974,0.6337013244628906,-0.08998049795627594,1.2225537300109863,0.5972135663032532,-0.10996494442224503,1.2491159439086914,0.6070401668548584,-0.09017728269100189,1.2271275520324707,0.6153622269630432,-0.09902248531579971,1.2758994102478027,0.590435266494751,-0.10020840167999268,1.2291078567504883,0.5977757573127747,-0.08172821998596191,1.2016949653625488,0.5941934585571289,-0.09613937139511108,1.197243094444275,0.6424691677093506,-0.09487847983837128,1.2304847240447998,0.6337239742279053,-0.10013367235660553,1.2156003713607788,0.6402838230133057,-0.10203815251588821,1.234900712966919,0.6237980723381042,-0.08805086463689804,1.1716609001159668,0.6652610898017883,-0.07878611236810684,1.1346782445907593,0.6231115460395813,-0.07898543030023575,1.1502039432525635,0.6618636846542358,-0.07696834206581116,1.1141692399978638,0.6503967642784119,-0.09010262042284012,1.1101360321044922,0.6519285440444946,-0.06296215206384659,0.9342938661575317,0.640317440032959,-0.0819011703133583,0.9485187530517578,0.6493073105812073,-0.08381754159927368,0.9028866291046143,0.6610496640205383,-0.07008194178342819,0.9321100115776062,0.6113042831420898,-0.10479840636253357,0.9122354388237,0.6564751267433167,-0.11134762316942215,0.8639474511146545,0.6525046825408936,-0.12052582204341888,0.8656959533691406,-0.5837984681129456,0.030711475759744644,0.95223468542099,-0.5647890567779541,0.021022722125053406,0.9127216339111328,-0.5689231753349304,0.0119854137301445,0.8817441463470459,-0.5586559772491455,0.007536552846431732,0.9158090949058533,-0.5459154844284058,0.018316082656383514,0.8538320064544678,-0.5358798503875732,-0.0011175349354743958,0.8409748077392578,-0.5849920511245728,0.08000541478395462,1.0177078247070312,-0.5521796941757202,0.02530459687113762,1.0434379577636719,-0.5568800568580627,0.02771652862429619,0.9937957525253296,-0.5424460768699646,0.023460619151592255,0.9862792491912842,-0.5376358032226562,0.01816180720925331,0.9139680862426758,-0.5246756672859192,-0.011483941227197647,0.8790382146835327,-0.5441871285438538,-0.01663130894303322,0.8517197966575623,-0.5288453698158264,-0.007205061614513397,0.7622663974761963,-0.5232844352722168,-0.026827987283468246,0.7772602438926697,-0.5013043880462646,-0.05272458493709564,0.7329439520835876,-0.5091868042945862,-0.006949227303266525,0.9364981651306152,-0.5182546377182007,0.0033291317522525787,0.8771262168884277,-0.5152424573898315,0.0007583200931549072,0.7558308839797974,-0.5179756283760071,-0.012695088982582092,0.8645087480545044,-0.5112760066986084,-0.00107632577419281,0.891405463218689,-0.5204256772994995,-0.018575454130768776,0.8428084850311279,-0.49994564056396484,-0.045493654906749725,0.8382891416549683,-0.494527667760849,0.025399982929229736,1.160330057144165,-0.47338318824768066,-0.10727924108505249,0.7005149126052856,-0.4712177515029907,-0.10768530517816544,0.621376097202301,-0.484170526266098,-0.007305577397346497,1.2538481950759888,-0.5109153389930725,0.010823599994182587,1.1868659257888794,-0.4853077530860901,0.020465735346078873,1.130735158920288,-0.499062716960907,0.0015475191175937653,1.280904769897461,-0.5112355947494507,0.057037003338336945,1.2344574928283691,-0.4677005410194397,-0.0931345745921135,0.8984807729721069,-0.484456330537796,0.040437694638967514,1.417446255683899,-0.4565579295158386,0.02475188672542572,1.3525018692016602,-0.42471373081207275,-0.010533247143030167,0.7555203437805176,-0.42858004570007324,-0.0019224863499403,0.6776853799819946,-0.44412243366241455,-0.0037129372358322144,0.8974367380142212,-0.41090673208236694,-0.02812863513827324,0.6572548747062683,-0.4241945743560791,-0.027851566672325134,1.0504213571548462,-0.4472903311252594,-0.047024015337228775,0.9881680011749268,-0.42196840047836304,-0.01381656527519226,0.9534338712692261,-0.398196816444397,-0.019595861434936523,0.9905940294265747,-0.3939473032951355,0.0002832561731338501,0.998302698135376,-0.4085070788860321,-0.02682787925004959,1.0676859617233276,-0.4166630804538727,-0.020468465983867645,1.4534839391708374,-0.44146308302879333,0.02203451469540596,1.490434169769287,-0.3735824227333069,-0.00023960694670677185,1.0854408740997314,-0.4001646041870117,0.011604968458414078,1.2546542882919312,-0.4163788855075836,-0.02145051211118698,1.2301965951919556,-0.3689720034599304,-0.03295426070690155,1.5486018657684326,-0.38618406653404236,-0.023281067609786987,1.4364748001098633,-0.3980354368686676,0.006010808050632477,1.5407218933105469,-0.36156901717185974,-0.017347142100334167,1.1676063537597656,-0.35872989892959595,0.008121088147163391,1.1890709400177002,-0.3610467314720154,-0.013901714235544205,1.1326218843460083,-0.3539382815361023,-0.00376008078455925,1.12800931930542,-0.3517734408378601,0.013047143816947937,1.3795139789581299,-0.3301216959953308,0.012189026921987534,1.3150508403778076,-0.27799972891807556,-0.03287863731384277,1.4726282358169556,-0.2757013440132141,0.004518203437328339,1.1178538799285889,-0.31643760204315186,-0.005208302289247513,1.5615651607513428,-0.2070230394601822,-0.03807341307401657,1.445401668548584,-0.25024959444999695,0.0011197514832019806,1.4461733102798462,-0.20745570957660675,-0.03321453183889389,1.3761801719665527,-0.196578249335289,0.0006140507757663727,1.3760449886322021,-0.18834224343299866,0.0019932352006435394,1.284417748451233,-0.16562144458293915,-0.007543414831161499,1.245132565498352,0.15159226953983307,-0.047777481377124786,1.1741034984588623,0.13584695756435394,-0.06839185953140259,1.1827384233474731,0.15345479547977448,-0.05713990330696106,1.1318607330322266,0.22184395790100098,-0.06473825126886368,1.2948981523513794,0.16775807738304138,-0.08496564626693726,1.2259503602981567,0.18177208304405212,-0.06056992709636688,1.2404391765594482,0.21745914220809937,-0.053705617785453796,1.1798300743103027,0.22559458017349243,-0.08373720943927765,1.1584033966064453,0.2044813632965088,-0.045053593814373016,1.0879299640655518,0.21072375774383545,-0.04416520893573761,1.0565534830093384,0.20276454091072083,-0.0601818673312664,1.0855857133865356,0.2144710272550583,-0.05988745391368866,1.0600601434707642,0.24374035000801086,-0.045314475893974304,1.0643725395202637,0.3164214789867401,-0.0867052972316742,1.4176284074783325,0.2979275584220886,-0.10958868265151978,1.3735909461975098,0.2822151184082031,-0.04634185507893562,1.033994197845459,0.26453572511672974,-0.07312550395727158,1.0401687622070312,0.24285262823104858,-0.05697481334209442,1.0669634342193604,0.2681522071361542,-0.05434603989124298,1.028245210647583,0.29539644718170166,-0.04947176203131676,0.9910553693771362,0.3012329936027527,-0.10558438301086426,1.2822227478027344,0.3575338125228882,-0.06639038026332855,1.1016027927398682,0.2860793471336365,-0.08584428578615189,1.0514503717422485,0.2954789698123932,-0.06645659357309341,1.0705573558807373,0.3724879026412964,-0.07832382619380951,1.2321693897247314,0.33567824959754944,-0.08940926939249039,1.0887198448181152,0.363419771194458,-0.06429120898246765,1.0140910148620605,0.3590668737888336,-0.05986550822854042,1.0640945434570312,0.35282716155052185,-0.07059541344642639,1.0303354263305664,0.3643277883529663,-0.10092456638813019,1.0476977825164795,0.4012613296508789,-0.08517490327358246,1.269140601158142,0.3879314363002777,-0.08261317014694214,1.1560893058776855,0.3758208155632019,-0.11072733998298645,1.171449065208435,0.4351142942905426,-0.1272953450679779,1.384055256843567,0.39343973994255066,-0.07323166728019714,1.0452179908752441,0.45605209469795227,-0.09654544293880463,1.3653206825256348,0.4516424536705017,-0.1018846333026886,1.3057302236557007,0.4743831753730774,-0.12563762068748474,1.3424811363220215,0.4326850175857544,-0.08218805491924286,0.8469045162200928,0.48294782638549805,-0.12665507197380066,1.2726194858551025,0.5021092891693115,-0.12259364128112793,1.2303707599639893,0.47227761149406433,-0.08876407891511917,1.1963515281677246,0.4652831256389618,-0.11493362486362457,1.0957080125808716,0.46670180559158325,-0.08215490728616714,1.1017614603042603,0.5008590221405029,-0.08929619938135147,1.2020717859268188,0.5013270974159241,-0.08804620057344437,1.140410304069519,0.5148733854293823,-0.09096160531044006,1.0768815279006958,0.5434728860855103,-0.08870195597410202,1.220877766609192,0.543153703212738,-0.10676056891679764,1.1913414001464844,0.4596661329269409,-0.1559208482503891,0.6833456754684448,0.46034419536590576,-0.15020360052585602,0.5526028871536255,0.48572981357574463,-0.0981847420334816,0.5535137057304382,0.46167054772377014,-0.10868047922849655,0.583746075630188,0.5193188190460205,-0.10891150683164597,0.8839870691299438,0.5133698582649231,-0.09970446676015854,0.8459857106208801,0.558221161365509,-0.08520934730768204,1.0663472414016724,0.5222893953323364,-0.04843165725469589,0.5979859828948975,0.5207363963127136,-0.059928394854068756,0.6611060500144958,0.5907768607139587,-0.0930122509598732,0.8337404131889343,0.5947633981704712,-0.09994363784790039,0.7403050661087036,0.5472866892814636,-0.09991985559463501,0.7511796355247498,0.5834280252456665,-0.11852627992630005,0.7547709345817566,-0.5812650918960571,0.0066895149648189545,0.8317093849182129,-0.5721713900566101,-0.012148924171924591,0.8371071815490723,-0.5673447847366333,0.06502698361873627,1.1892743110656738,-0.5636759996414185,0.07771354913711548,1.202986478805542,-0.5527405738830566,0.06272034347057343,1.1504369974136353,-0.5313157439231873,0.03336615860462189,1.0467841625213623,-0.5103414058685303,0.021458730101585388,1.085180640220642,-0.5398219227790833,0.0013203397393226624,1.000527262687683,-0.5011117458343506,0.013909194618463516,1.0001742839813232,-0.5058972239494324,-0.006070911884307861,1.1267974376678467,-0.5118573904037476,0.020273789763450623,1.2909822463989258,-0.5136832594871521,0.025498580187559128,1.2549371719360352,-0.43939757347106934,-0.00888904556632042,0.8025527000427246,-0.49082067608833313,0.006596338003873825,0.7674689888954163,-0.45836520195007324,0.0021431297063827515,0.6946260929107666,-0.4871203899383545,0.03862742334604263,1.2922652959823608,-0.5124531388282776,0.021479755640029907,1.3378558158874512,-0.4743439853191376,-0.058536238968372345,0.8687763810157776,-0.4696779251098633,-0.06675824522972107,0.8484691381454468,-0.46060511469841003,-0.07131991535425186,0.6925567984580994,-0.4558734893798828,-0.08983532339334488,0.6432605385780334,-0.4579090476036072,0.000887993723154068,0.9933345317840576,-0.5083622932434082,0.027582954615354538,1.4375288486480713,-0.45873820781707764,0.0003147833049297333,1.033846139907837,-0.4427620768547058,0.011014558374881744,0.9629122018814087,-0.4711012840270996,-0.03178059309720993,1.057224154472351,-0.47006312012672424,-0.03470943123102188,1.0344898700714111,-0.42642781138420105,0.002910405397415161,1.044169306755066,-0.4629465341567993,-0.019711274653673172,1.143174409866333,-0.42895278334617615,-0.007883891463279724,0.9130873084068298,-0.42353367805480957,-0.017910972237586975,0.8474036455154419,-0.4720156788825989,0.024427883327007294,1.2238394021987915,-0.43112877011299133,0.006031747907400131,1.1562721729278564,-0.4421069622039795,-0.019946623593568802,1.1167469024658203,-0.4517287611961365,0.007139440625905991,1.4807324409484863,-0.4672967493534088,-0.015671856701374054,1.2924658060073853,-0.4097835421562195,-0.023759862408041954,1.1910250186920166,-0.42318129539489746,-0.013305310159921646,1.529827356338501,-0.38459229469299316,0.019032180309295654,1.4327123165130615,-0.4170684516429901,-0.014897458255290985,1.321093201637268,-0.3649178445339203,-0.0002520531415939331,1.1286208629608154,-0.3862229883670807,-0.020993314683437347,1.1390844583511353,-0.40059739351272583,0.015149831771850586,1.3243831396102905,-0.37868866324424744,0.015175342559814453,1.2574903964996338,-0.32105711102485657,0.005137227475643158,1.4858278036117554,-0.34329113364219666,-0.01933600753545761,1.3111915588378906,-0.3134617209434509,-0.024757301434874535,1.223475456237793,-0.30123233795166016,0.003949698060750961,1.2224311828613281,-0.30247968435287476,0.0008002053946256638,1.1586277484893799,-0.2678867280483246,-0.029014816507697105,1.2493420839309692,-0.2769896984100342,0.005711611360311508,1.1655579805374146,-0.3092600107192993,0.008585058152675629,1.3993537425994873,-0.27444493770599365,-0.022342341020703316,1.3548840284347534,-0.23420244455337524,0.0006645992398262024,1.1522588729858398,-0.21073269844055176,0.0014987923204898834,1.173606514930725,-0.17209385335445404,-0.011875145137310028,1.4470555782318115,-0.19683216512203217,-0.030444642528891563,1.2873601913452148,0.1759970635175705,-0.0658390074968338,1.1053690910339355,0.20874255895614624,-0.0702868103981018,1.383957028388977,0.24826620519161224,-0.04750029370188713,1.1329656839370728,0.23636582493782043,-0.06961637735366821,1.1195427179336548,0.2241257131099701,-0.038627251982688904,1.0705839395523071,0.3091585040092468,-0.07330013811588287,1.2184114456176758,0.29304662346839905,-0.0913555920124054,1.134084939956665,0.3061448931694031,-0.04254518821835518,0.9965542554855347,0.39712023735046387,-0.08895131200551987,1.3420538902282715,0.3603356182575226,-0.1014697402715683,1.0761114358901978,0.46889299154281616,-0.09695357829332352,1.26668119430542,0.43244263529777527,-0.07473118603229523,0.7620701193809509,0.44512471556663513,-0.06154351681470871,0.7452751398086548,0.4277770221233368,-0.057028353214263916,0.6403960585594177,0.4220888614654541,-0.04753101244568825,0.5730465650558472,0.4185916781425476,-0.06722410023212433,0.5836371183395386,0.48326507210731506,-0.08106108009815216,1.0202550888061523,0.44562119245529175,-0.04679097607731819,0.6478238701820374,0.4342226982116699,-0.03909147530794144,0.5769705176353455,0.44674840569496155,-0.12423530220985413,0.8030860424041748,0.45492076873779297,-0.14337266981601715,0.8477954864501953,0.43779560923576355,-0.1544436365365982,0.8172193169593811,0.44835638999938965,-0.12786702811717987,0.7548144459724426,0.4787769615650177,-0.05290786176919937,0.6673909425735474,0.4701903462409973,-0.05299669876694679,0.5898072123527527,0.4997430741786957,-0.08184368908405304,0.8182864189147949,0.4643884003162384,-0.12510795891284943,0.7956772446632385,0.4832592010498047,-0.13128097355365753,0.7412651777267456,0.46524688601493835,-0.14488758146762848,0.7978032231330872,0.4690913259983063,-0.15976107120513916,0.7262701988220215,0.4831382930278778,-0.12046746164560318,0.8670061826705933,0.5154824256896973,-0.11692003160715103,0.8125697374343872,0.4833905100822449,-0.11449730396270752,0.5879589915275574,0.4590754508972168,-0.1337183713912964,0.5313243865966797,0.49296504259109497,-0.06746779382228851,0.5501960515975952,0.5250675082206726,-0.0902651697397232,0.8883399367332458,0.49743032455444336,-0.08079084008932114,0.6876225471496582,0.48184913396835327,-0.1432044506072998,0.6466894745826721,0.5021703839302063,-0.13237984478473663,0.6419951915740967,0.5115721821784973,-0.10857440531253815,0.5681668519973755,0.5640236139297485,-0.08544974029064178,0.8196069002151489,0.5769820213317871,-0.08239614963531494,0.785781741142273,0.5533868074417114,-0.08648385107517242,0.6212435364723206,0.5537835359573364,-0.1036158874630928,0.6402391195297241,0.5424807071685791,-0.08592560142278671,0.982283890247345,0.6193887591362,-0.06863304227590561,0.933407723903656,0.5851163864135742,-0.08654499053955078,0.9259586930274963,0.6223448514938354,-0.08953791856765747,1.1075018644332886,0.6093041300773621,-0.08229400217533112,1.0674521923065186,0.6025471091270447,-0.07775760442018509,1.0640760660171509,0.6049118041992188,-0.0927085354924202,1.0476374626159668,0.6232160329818726,-0.07539298385381699,0.9867932796478271,0.6176233291625977,-0.08461654186248779,1.003798484802246,-0.5740975141525269,0.05097134783864021,0.9981939792633057,-0.5679217576980591,0.028579875826835632,1.0068669319152832,-0.5715838670730591,0.006650879979133606,0.9747031927108765,-0.47299519181251526,-0.04480529576539993,0.6734517812728882,-0.4751366376876831,-0.08756051957607269,0.6335781812667847,-0.4676833748817444,-0.0628102719783783,0.8476381897926331,-0.48856401443481445,-0.06447553634643555,0.7982784509658813,-0.4801338315010071,-0.09780201315879822,0.8279467225074768,-0.49174028635025024,-0.0860280990600586,0.7287807464599609,-0.4614498019218445,-0.0727507621049881,0.7353546619415283,-0.45952361822128296,-0.09637661278247833,0.6982293128967285,-0.47214314341545105,-0.047383107244968414,0.9833171367645264,-0.4646111726760864,-0.07084821909666061,0.9332414865493774,-0.47599655389785767,-0.052845727652311325,0.9394347667694092,-0.46220001578330994,-0.09650483727455139,0.7623112201690674,-0.4574992060661316,-0.07165175676345825,0.7691774964332581,-0.461473286151886,-0.08793576061725616,0.8563547134399414,-0.4689028263092041,-0.0647597461938858,0.8184665441513062,-0.46474963426589966,0.017433594912290573,1.1313341856002808,-0.41651761531829834,-0.001161910593509674,0.9716238379478455,-0.37523943185806274,-0.018976232036948204,0.9984164237976074,-0.3764469623565674,0.0012327097356319427,0.9987720251083374,-0.410463809967041,-0.026156537234783173,1.1398890018463135,-0.3707834482192993,-0.014337621629238129,1.0819443464279175,-0.3724784851074219,0.0032009370625019073,1.0289766788482666,-0.37114471197128296,-0.014553625136613846,1.0172247886657715,-0.3197892904281616,-0.022460240870714188,1.3594858646392822,-0.33008626103401184,0.0018074922263622284,1.109057903289795,-0.306017130613327,-0.02681785635650158,1.1421740055084229,-0.3006216883659363,0.0077115874737501144,1.1089766025543213,-0.23990876972675323,-0.014646980911493301,1.1429322957992554,-0.2622009813785553,0.003111213445663452,1.1200575828552246,-0.1910514533519745,-0.009538929909467697,1.1993577480316162,0.378449022769928,-0.06255627423524857,0.9665282964706421,0.4969547688961029,-0.12313316762447357,1.4139015674591064,0.4500960409641266,-0.07469435781240463,0.9179001450538635,0.39197686314582825,-0.05225067958235741,0.9107242822647095,0.41741347312927246,-0.08498741686344147,0.8974131345748901,0.4210452437400818,-0.07051808387041092,0.8927836418151855,0.44408905506134033,-0.08654159307479858,1.0849025249481201,0.43686598539352417,-0.11748333275318146,0.9080991744995117,0.4430559277534485,-0.11803941428661346,0.8540197610855103,0.43674224615097046,-0.14467079937458038,0.8710821270942688,0.4356082081794739,-0.13695862889289856,0.844556450843811,0.4385041296482086,-0.11556632816791534,0.7977951169013977,0.4337940216064453,-0.09248300641775131,0.6126445531845093,0.4358826279640198,-0.08719108253717422,0.5665444135665894,0.4610860347747803,-0.0768837034702301,0.553536057472229,0.4793573021888733,-0.09108440577983856,0.8910790681838989,0.4825499653816223,-0.08394237607717514,0.8579913377761841,0.4708457291126251,-0.13139794766902924,0.8222696185112,0.45367082953453064,-0.13269352912902832,0.7862589359283447,0.44273558259010315,-0.1545957326889038,0.7506374716758728,0.5117224454879761,-0.1256396621465683,1.1771256923675537,0.5269827842712402,-0.0919860452413559,0.8187975883483887,0.5438339114189148,-0.0941968485713005,0.7727845907211304,0.54627925157547,-0.10802549123764038,0.9356226921081543,0.543868362903595,-0.11929018050432205,0.5999229550361633,0.5333612561225891,-0.08210253715515137,0.577156126499176,0.5492176413536072,-0.11260984092950821,0.7955665588378906,0.5469359159469604,-0.11564862728118896,0.745675265789032,0.6539644002914429,-0.08863608539104462,0.9143426418304443,0.606225311756134,-0.12025684863328934,0.8732238411903381,0.6185319423675537,-0.09908323734998703,0.8721099495887756,0.609870195388794,-0.10495945066213608,0.7442585825920105,0.6103380918502808,-0.09624354541301727,0.7602616548538208,-0.563220739364624,0.06353352218866348,1.1565611362457275,-0.5037806034088135,-0.02410002425312996,0.6344186663627625,-0.5009857416152954,-0.038777172565460205,0.9321075677871704,-0.49006664752960205,-0.057521697133779526,0.9001338481903076,-0.5074179768562317,-0.014837481081485748,0.982090950012207,-0.4771123230457306,0.010578155517578125,1.4155256748199463,-0.4817078113555908,0.015188302844762802,1.0181598663330078,-0.4783968925476074,0.001871153712272644,0.9849438667297363,-0.44084757566452026,-0.046186819672584534,0.6497817039489746,-0.4297826290130615,-0.018731793388724327,0.650177538394928,-0.452083021402359,-0.05550693720579147,0.9355760812759399,-0.4537137746810913,-0.06711060553789139,0.883263349533081,-0.45154863595962524,-0.07312913984060287,0.9202548861503601,-0.4698026776313782,-0.0052179209887981415,1.367264747619629,-0.456472247838974,0.019749850034713745,1.2674494981765747,-0.24451375007629395,0.008518226444721222,1.2180821895599365,0.12217153608798981,-0.058770183473825455,1.2199299335479736,0.11186865717172623,-0.07252507656812668,1.2254366874694824,0.19393658638000488,-0.07784944027662277,1.1347630023956299,0.1761154681444168,-0.04870365560054779,1.0771939754486084,0.279634565114975,-0.061952996999025345,1.1610691547393799,0.31160131096839905,-0.05917751044034958,1.0354782342910767,0.30072909593582153,-0.06941431015729904,1.0202380418777466,0.41053980588912964,-0.10732512176036835,1.1330393552780151,0.4577799141407013,-0.12538830935955048,1.1988989114761353,0.4337005913257599,-0.10881790518760681,1.026654601097107,0.43420976400375366,-0.1488180011510849,0.7577905654907227,0.45639610290527344,-0.12972402572631836,0.7135944962501526,0.4439687728881836,-0.14608682692050934,0.6676667332649231,0.44970715045928955,-0.12154717743396759,0.6244451999664307,0.500054657459259,-0.11260323971509933,0.9446542859077454,0.47353845834732056,-0.14441391825675964,0.5488030910491943,-0.5562094449996948,0.014080177992582321,0.9953023791313171,-0.4238853454589844,-0.0372873917222023,0.7958419322967529,-0.4182325005531311,-0.0417548231780529,0.7444703578948975,-0.4587392807006836,-0.0001277923583984375,1.5125333070755005,-0.32944172620773315,-0.00063294917345047,1.096043586730957,-0.3235163390636444,0.0015864856541156769,1.0671113729476929,-0.29923558235168457,-0.005880098789930344,1.0885977745056152,-0.2441091388463974,0.0044754426926374435,1.124496340751648,-0.14388810098171234,-0.020889993757009506,1.2656315565109253,-0.14705683290958405,-0.040424004197120667,1.2638412714004517,0.38528475165367126,-0.11608776450157166,1.2682991027832031,0.4301750659942627,-0.12502723932266235,1.3044203519821167,0.480712890625,-0.08644267916679382,0.9201123118400574,0.4592488706111908,-0.07173877209424973,0.855026125907898,0.46533113718032837,-0.11858989298343658,1.0176985263824463,0.43455028533935547,-0.11018770933151245,0.7460536956787109,0.5259379148483276,-0.11089949309825897,0.9808362722396851,0.5326504707336426,-0.10991337895393372,1.0659682750701904,0.584480881690979,-0.10641153901815414,0.9044538736343384,0.5728088617324829,-0.10933544486761093,0.8443340063095093,0.5531744360923767,-0.1215977668762207,0.6843145489692688,0.4909447431564331,-0.12712623178958893,0.6078708171844482,0.5605014562606812,-0.0993579775094986,0.6781330108642578,-0.49092793464660645,-0.04957125708460808,0.6478144526481628,-0.4555347263813019,-0.025112446397542953,0.644751787185669,-0.4709199070930481,-0.06314747780561447,0.8422729969024658,-0.4669486880302429,-0.06232108920812607,0.6991681456565857,-0.43436336517333984,-0.05694369226694107,0.686950147151947,-0.4236190915107727,-0.02795732580125332,0.9894186854362488,-0.25679290294647217,-0.020425979048013687,1.223266363143921,-0.2600206136703491,-0.012683382257819176,1.1710728406906128,-0.26970571279525757,-0.0018414445221424103,1.1470615863800049,-0.22187864780426025,-0.025992635637521744,1.2119566202163696,-0.21408863365650177,-0.027003973722457886,1.145007848739624,-0.2162751853466034,-0.009086955338716507,1.1365835666656494,0.17956514656543732,-0.033567171543836594,1.0853215456008911,0.4266476631164551,-0.1054469421505928,0.9582315683364868,0.4663142263889313,-0.1272193193435669,0.9444462060928345,0.46877187490463257,-0.13205374777317047,0.8999607563018799,0.5336860418319702,-0.1299363225698471,0.7324256300926208,-0.5269867181777954,-0.020064614713191986,0.7344334721565247,-0.5257845520973206,-0.038715850561857224,0.6974767446517944,-0.5231735706329346,-0.027426421642303467,0.6934077739715576,-0.4876030683517456,0.007865972816944122,0.9063679575920105,-0.4489848017692566,-0.05042003095149994,0.8575988411903381,-0.44597750902175903,-0.06105159968137741,0.9016827940940857,-0.18226265907287598,-0.027914907783269882,1.2270760536193848,-0.11756002902984619,-0.03971343860030174,1.340970516204834,-0.10895388573408127,-0.03145427256822586,1.3316036462783813,0.11853782832622528,-0.08355119824409485,1.2330824136734009,0.30092182755470276,-0.12368150055408478,1.534807801246643,0.44059234857559204,-0.10508860647678375,1.4515366554260254,0.47099220752716064,-0.1251436471939087,1.456610083580017,0.49996912479400635,-0.11714735627174377,1.381825566291809,0.5834753513336182,-0.09514633566141129,1.1345170736312866,0.6173213124275208,-0.09280941635370255,1.1635181903839111,0.5965820550918579,-0.06878868490457535,1.1147757768630981,0.6023572683334351,-0.08956479281187057,1.093200445175171,0.6302893161773682,-0.076070636510849,1.1100337505340576,-0.5779155492782593,0.05626620352268219,1.0917096138000488,-0.566922664642334,0.06902856379747391,1.079487681388855,-0.5490281581878662,0.06256693601608276,1.3229265213012695,-0.5347367525100708,0.06420605629682541,1.3035629987716675,-0.4867303967475891,0.003969699144363403,0.6802610158920288,-0.48309457302093506,-0.004238806664943695,0.6394814848899841,-0.48463723063468933,-0.06807225942611694,0.738716185092926,-0.4855417013168335,-0.0003959275782108307,0.8598085045814514,-0.47659242153167725,0.019283220171928406,1.0641463994979858,-0.442128986120224,0.000235874205827713,1.554363489151001,0.1969204843044281,-0.05328332632780075,1.1434619426727295,0.294936865568161,-0.07778003066778183,1.3377199172973633,0.3362944424152374,-0.06498675048351288,1.0419731140136719,0.3531706631183624,-0.0689368024468422,1.1660107374191284,0.36837607622146606,-0.06945481896400452,0.9664664268493652,0.38055768609046936,-0.07245255261659622,0.9155918955802917,0.39216890931129456,-0.10289070010185242,0.9854838252067566,0.4361642599105835,-0.08209825307130814,0.711437463760376,0.4433514177799225,-0.09009720385074615,0.6992886662483215,0.4740407168865204,-0.13853520154953003,0.7451417446136475,0.5636302828788757,-0.09354039281606674,0.908912181854248,0.5441041588783264,-0.07299571484327316,0.7052222490310669,-0.5075901746749878,-0.03813037648797035,0.6617869138717651,-0.4796369671821594,-0.02998414635658264,0.622683584690094,-0.3113652467727661,0.01570926606655121,1.0706095695495605,-0.24869589507579803,0.01197417825460434,1.1454734802246094,-0.20172232389450073,-0.019948147237300873,1.186146855354309,0.5252368450164795,-0.07615028321743011,0.7404431104660034,0.5091001391410828,-0.08077045530080795,0.5223590731620789,0.520180881023407,-0.0865015834569931,0.5340436697006226,-0.4847528338432312,-0.06077931448817253,0.8789592981338501,-0.440825879573822,-0.04042188078165054,0.8087038993835449,-0.43936899304389954,-0.05712413415312767,0.764427661895752,0.5104794502258301,-0.11138617247343063,1.3051424026489258,0.5212371945381165,-0.062091220170259476,0.5313162803649902,0.5961039662361145,-0.11070135980844498,0.8069666028022766,-0.23981036245822906,0.005188163369894028,1.293450951576233,0.5948060750961304,-0.10094165056943893,0.8957182168960571,-0.4244428873062134,-0.027148503810167313,0.8807271718978882,0.4469001293182373,-0.13517338037490845,0.5683718919754028,0.5815486907958984,-0.09607702493667603,0.8857862949371338,-0.4860209822654724,-0.08081436157226562,0.8442394733428955,-0.33569711446762085,-0.041472140699625015,0.9050192832946777,-0.3425999879837036,-0.039748258888721466,0.9162043929100037,-0.33112969994544983,-0.06982288509607315,0.9091443419456482,-0.3429866433143616,-0.06766501069068909,0.9170882105827332,-0.30968189239501953,-0.04497876390814781,0.9810553193092346,-0.3178364634513855,-0.050492063164711,0.9565348029136658,-0.3004022240638733,-0.02957095578312874,0.9332209229469299,-0.2924836277961731,-0.015440712682902813,0.9737843871116638,-0.313563734292984,-0.07381968945264816,0.9560733437538147,-0.3235485851764679,-0.09768392890691757,0.936812162399292,-0.2868746221065521,-0.039525106549263,1.0483688116073608,-0.303681343793869,-0.1016082763671875,0.941810667514801,-0.3072686195373535,-0.06158853694796562,0.9518800377845764,-0.30601632595062256,-0.09946326911449432,0.9808915853500366,-0.2963416874408722,-0.07002635300159454,0.9836332201957703,-0.2682980000972748,-0.018465189263224602,1.0293108224868774,-0.2879425287246704,-0.06019505113363266,0.9854496717453003,-0.2918649911880493,-0.07991290837526321,1.0062272548675537,-0.2915961742401123,-0.0650663822889328,1.0399271249771118,-0.29712924361228943,-0.035303160548210144,1.083160161972046,-0.30795398354530334,-0.08857452869415283,1.0611263513565063,-0.24660545587539673,0.0021371105685830116,1.1272258758544922,-0.25175851583480835,0.00706151919439435,1.0849674940109253,-0.29071927070617676,-0.05201406031847,1.1140398979187012,-0.21858954429626465,0.008474195376038551,1.080312728881836,-0.24585139751434326,-0.06287996470928192,1.172727346420288,-0.2803751826286316,-0.10963139683008194,1.112316370010376,-0.21548539400100708,0.012862318195402622,1.1253490447998047,-0.18694579601287842,-0.005875191651284695,1.1393914222717285,-0.1941388100385666,-0.020816275849938393,1.1934764385223389,-0.16861775517463684,-0.022440269589424133,1.1991400718688965,-0.1876242309808731,-0.10894924402236938,1.247941255569458,-0.23819352686405182,-0.11330462992191315,1.1683470010757446,-0.16586871445178986,-0.038700979202985764,1.241716742515564,-0.2014947086572647,-0.0651947632431984,1.2322196960449219,-0.16268937289714813,-0.05501563847064972,1.2776529788970947,-0.15297529101371765,-0.07023939490318298,1.3141319751739502,-0.15405181050300598,-0.11929194629192352,1.3076188564300537,-0.1887088119983673,-0.1394484043121338,1.1979589462280273,-0.12516678869724274,-0.07927699387073517,1.6979199647903442,-0.09277809411287308,0.012523718178272247,1.418041706085205,-0.13132213056087494,0.06414401531219482,0.8460956811904907,-0.1757802665233612,0.013076801784336567,0.8401982188224792,-0.1479542851448059,-0.08214405179023743,0.8483701944351196,-0.19015270471572876,-0.1101343184709549,0.8349605798721313,-0.113950215280056,-0.05454534292221069,1.6149719953536987,-0.13040079176425934,-0.09342163056135178,1.717240333557129,-0.10200095176696777,-0.08056483417749405,1.6713701486587524,-0.08637066930532455,-0.044557712972164154,1.633033275604248,-0.09971553832292557,-0.05808240547776222,1.5807478427886963,-0.11859267950057983,-0.012835055589675903,1.0372707843780518,-0.16086973249912262,-0.05425168201327324,0.9899965524673462,-0.1684442162513733,-0.12001383304595947,0.9711032509803772,-0.10452213883399963,-0.06980642676353455,1.5164549350738525,-0.1799098551273346,-0.08846301585435867,0.002772906795144081,-0.1868150234222412,-0.1670752912759781,-0.003504114458337426,-0.1912713497877121,-0.18309584259986877,0.024982117116451263,-0.12083179503679276,-0.11789964139461517,1.3616703748703003,-0.11120079457759857,-0.06709064543247223,1.3261077404022217,-0.10810177028179169,-0.08704851567745209,1.3010092973709106,-0.13159433007240295,-0.12858779728412628,1.3458435535430908,-0.11849086731672287,-0.15824995934963226,1.2938865423202515,-0.14782969653606415,-0.06312087923288345,0.43531814217567444,-0.14256827533245087,-0.08928584307432175,0.34879255294799805,-0.15256066620349884,-0.03676927462220192,0.2895442247390747,-0.15925537049770355,-0.06505511701107025,0.31548011302948,-0.09813137352466583,-0.06869354099035263,1.6430236101150513,-0.11323929578065872,-0.12017902731895447,1.2615140676498413,-0.12225884944200516,-0.11757735908031464,1.2237132787704468,-0.12205801904201508,-0.1495361030101776,1.2428077459335327,-0.1467420607805252,-0.16433219611644745,1.2345178127288818,-0.14152739942073822,-0.02623264119029045,0.2172805517911911,-0.10507313162088394,-0.1312909573316574,1.5001356601715088,-0.0914616584777832,-0.0637880265712738,1.5170880556106567,-0.09989587962627411,-0.09384320676326752,1.5052428245544434,-0.12567444145679474,-0.10036922991275787,0.5354915857315063,-0.04729453846812248,-0.09314613789319992,1.7249360084533691,-0.11588110029697418,-0.15316078066825867,1.1835041046142578,-0.11111301183700562,-0.071509450674057,1.1569138765335083,-0.09844263643026352,-0.1454307585954666,0.720666766166687,-0.04977969080209732,-0.04170820116996765,1.6899398565292358,-0.0988771915435791,-0.14806771278381348,1.3648817539215088,-0.09125711023807526,-0.12549200654029846,0.8351473808288574,-0.1339164823293686,-0.13447892665863037,0.853692352771759,-0.12397868186235428,-0.19802212715148926,0.9028098583221436,-0.10221119970083237,-0.21538740396499634,0.8441002368927002,-0.16378191113471985,-0.20959174633026123,0.05888218432664871,-0.015431692823767662,-0.02483297698199749,1.6910923719406128,-0.04173833131790161,-0.08196254819631577,1.7115217447280884,-0.1105039194226265,-0.10412514954805374,1.4200665950775146,-0.09046720713376999,-0.13044746220111847,1.4590978622436523,-0.11847174912691116,-0.015756085515022278,0.2869548201560974,-0.13485640287399292,-0.030045315623283386,0.1747681349515915,-0.15891392529010773,-0.19218041002750397,0.09371840953826904,-0.1317424178123474,0.0009163878858089447,0.002018693834543228,-0.0837131142616272,-0.08403895050287247,1.3079761266708374,-0.10415995121002197,-0.12624907493591309,0.5104508399963379,-0.116532102227211,-0.19029173254966736,-0.01151090208441019,-0.15686994791030884,-0.19719651341438293,-0.016686923801898956,-0.05633001774549484,-0.07233915477991104,1.5287564992904663,-0.06519518047571182,-0.09744133055210114,1.4835624694824219,-0.03181935474276543,-0.21613609790802002,0.905183732509613,-0.08187288790941238,0.08746493607759476,0.8553033471107483,-0.13778755068778992,-0.14205493032932281,0.2230985462665558,-0.1105194091796875,-0.1259547770023346,0.14383837580680847,-0.11196902394294739,-0.002877000719308853,0.056199055165052414,-0.07404273748397827,-0.0747760757803917,1.279529333114624,-0.08639314025640488,-0.08526459336280823,1.2382774353027344,-0.058305155485868454,-0.19564825296401978,1.2688486576080322,-0.09355764836072922,-0.05133526399731636,0.634357213973999,-0.07915432006120682,-0.14772245287895203,0.7165482640266418,-0.05340613052248955,-0.12840795516967773,0.8020811080932617,-0.09812341630458832,-0.12559039890766144,0.1101912334561348,-0.10838937759399414,-0.1925186812877655,0.06081215292215347,-0.08529053628444672,-0.1770276427268982,1.446671962738037,-0.0652441754937172,-0.08112913370132446,1.341678261756897,-0.04352323338389397,-0.07217329740524292,1.2871146202087402,-0.07428380846977234,-0.12741084396839142,0.5348253846168518,-0.05506324768066406,-0.10804306715726852,0.536353349685669,-0.08944995701313019,-0.011389770545065403,0.4767369031906128,-0.0645284652709961,-0.16258841753005981,1.4188789129257202,-0.03959992155432701,-0.12396956235170364,1.4053314924240112,-0.06875458359718323,-0.07507730275392532,1.3848021030426025,-0.06325504183769226,-0.048375267535448074,0.4847375154495239,0.00011110678315162659,-0.06992511451244354,1.7185953855514526,-0.07420413941144943,-0.22723615169525146,1.564281702041626,-0.038575395941734314,-0.19069316983222961,0.9716510772705078,-0.04200484976172447,-0.13456714153289795,1.418738603591919,-0.02635079436004162,-0.16172035038471222,1.3995553255081177,-0.04562828689813614,-0.14548921585083008,1.3922266960144043,-0.027398956939578056,-0.21881817281246185,1.5011935234069824,-0.06554034352302551,-0.20621556043624878,1.4543969631195068,-0.015967397019267082,-0.1081027165055275,1.434693455696106,-0.04853731766343117,-0.06788329780101776,0.6126155853271484,0.03976905718445778,-0.11279447376728058,1.7265360355377197,0.025731749832630157,-0.009175524115562439,1.667583703994751,-0.02179855853319168,-0.23043227195739746,1.4503306150436401,-0.03711993247270584,-0.2047652304172516,1.4104061126708984,-0.004709148779511452,-0.1132645308971405,1.4076919555664062,-0.013350322842597961,-0.2106548398733139,1.4113727807998657,0.023946773260831833,-0.09326384961605072,1.3897889852523804,-0.007909728214144707,-0.08231601864099503,1.2766461372375488,0.04352447763085365,-0.06050031632184982,1.7152425050735474,0.017773188650608063,-0.11804879456758499,1.4346144199371338,0.00726756826043129,-0.1613408625125885,1.4147884845733643,0.07158041000366211,-0.04355674609541893,1.6826812028884888,0.050581496208906174,-0.10123613476753235,1.711423635482788,0.004922649823129177,-0.15569406747817993,1.4034044742584229,0.046412430703639984,-0.18113236129283905,1.4343464374542236,0.01662716642022133,-0.13612918555736542,1.411400556564331,0.036662936210632324,-0.09289934486150742,0.5602890849113464,0.05173499882221222,-0.09441807121038437,1.4696985483169556,0.06730566918849945,-0.12015645951032639,0.47528281807899475,-0.0014624185860157013,-0.23041702806949615,1.224498987197876,0.05669647082686424,-0.11305026710033417,1.2438201904296875,0.048418931663036346,-0.10309715569019318,1.1395131349563599,0.08747158944606781,-0.24782982468605042,0.054905373603105545,0.11305747926235199,-0.2568160593509674,0.027067881077528,0.08265048265457153,-0.06469731032848358,0.005894303321838379,0.01169890072196722,-0.21211153268814087,1.2165182828903198,0.0020984839648008347,-0.22337010502815247,1.1369909048080444,0.039462316781282425,-0.14189961552619934,0.7003525495529175,0.07589603215456009,-0.14868390560150146,-0.02314537577331066,0.09328683465719223,-0.10304322838783264,1.671189308166504,0.040915485471487045,-0.23358072340488434,1.5650819540023804,0.034174300730228424,-0.21071946620941162,1.4907667636871338,0.03039439395070076,-0.20934975147247314,1.4479578733444214,0.08469018340110779,-0.15981757640838623,0.8496637344360352,0.14229893684387207,-0.11454933136701584,1.6947333812713623,0.06078975275158882,-0.09899197518825531,1.5138798952102661,0.05601334571838379,-0.11663011461496353,1.4846060276031494,0.08739552646875381,-0.052511923015117645,0.28142085671424866,0.08092129230499268,-0.04595722258090973,0.21845504641532898,0.09914477169513702,-0.06434458494186401,-0.02037946693599224,0.09195396304130554,-0.12624786794185638,1.746948480606079,0.07980024814605713,-0.12119807302951813,1.3788480758666992,0.0887727364897728,-0.21876180171966553,0.8417743444442749,0.06895317137241364,-0.1315900683403015,0.8324868679046631,0.11575990170240402,-0.19427981972694397,0.8321248292922974,0.0703183263540268,-0.04055609181523323,0.7216735482215881,0.13427980244159698,-0.2561311721801758,0.04397757723927498,0.10595883429050446,-0.11302007734775543,1.6805446147918701,0.033598583191633224,-0.1896754652261734,1.1141257286071777,0.035198621451854706,-0.2185191661119461,1.2326903343200684,0.033721648156642914,-0.23729008436203003,1.2280528545379639,0.1291286200284958,-0.192062109708786,0.9011607766151428,0.07998739182949066,-0.1687069535255432,1.5145072937011719,0.08944328129291534,-0.09629291296005249,1.526304841041565,0.08535123616456985,-0.11977342516183853,1.5076448917388916,0.08934846520423889,-0.1335427165031433,1.5020631551742554,0.09261228144168854,-0.1461622267961502,1.4776029586791992,0.10138657689094543,-0.06794937700033188,0.6160755753517151,0.09805561602115631,-0.13449054956436157,0.6344960927963257,0.08232191205024719,-0.1813102662563324,1.3546706438064575,0.09132730960845947,-0.13899633288383484,1.3034777641296387,0.06049717217683792,-0.13311588764190674,1.3268601894378662,0.06281667947769165,-0.14338098466396332,1.2993175983428955,0.10020734369754791,-0.11976499855518341,0.7971838712692261,0.1434262990951538,-0.10476408898830414,-0.017256105318665504,0.15558715164661407,-0.1416398584842682,-0.016920780763030052,0.10831154882907867,-0.11658292263746262,1.636888861656189,0.10043007135391235,-0.13127009570598602,1.350868821144104,0.14811155200004578,-0.10423249006271362,0.2661759555339813,0.13265003263950348,-0.09746497869491577,1.6165961027145386,0.11106377840042114,-0.07352787256240845,1.6261727809906006,0.11804720759391785,-0.0964975655078888,1.587134838104248,0.1571274995803833,-0.12819406390190125,0.07233475148677826,0.16209708154201508,-0.22123993933200836,0.02512514218688011,0.13859429955482483,-0.23741111159324646,0.07232413440942764,0.1649211347103119,-0.020132098346948624,0.9363068342208862,0.13740016520023346,-0.017688514664769173,0.8307622671127319,0.1393907070159912,-0.12904097139835358,1.6877795457839966,0.1603061854839325,0.0350634939968586,0.8376166224479675,0.18401885032653809,-0.003229451132938266,0.8952626585960388,0.11272989213466644,-0.15648837387561798,1.2916505336761475,0.11485666036605835,-0.18652388453483582,1.2727625370025635,0.08802105486392975,-0.1889553815126419,1.3261339664459229,0.11188820749521255,-0.17333367466926575,1.2342722415924072,0.09806371480226517,-0.17301318049430847,1.2157976627349854,0.09711603820323944,-0.2566811740398407,1.1981117725372314,0.1190020889043808,-0.21399188041687012,1.229491114616394,0.12180091440677643,-0.19115331768989563,1.1601672172546387,0.11508015543222427,-0.19478505849838257,1.0801738500595093,0.14200998842716217,-0.20249125361442566,1.087991714477539,0.14644676446914673,-0.21770766377449036,1.1409181356430054,0.1286945641040802,-0.2530248761177063,1.1655821800231934,0.13747243583202362,-0.2238401621580124,1.0364536046981812,0.1746852695941925,-0.27524733543395996,1.0829895734786987,0.17391428351402283,-0.2551434636116028,1.0631499290466309,0.15766611695289612,-0.23371589183807373,1.039726734161377,0.13841575384140015,-0.3159819543361664,1.0752372741699219,0.14922520518302917,-0.28380244970321655,1.0434491634368896,0.14494043588638306,-0.26518452167510986,1.029037356376648,0.18289490044116974,-0.32417023181915283,0.9344135522842407,0.1331639289855957,-0.3010180592536926,1.0435587167739868,0.13552209734916687,-0.3176085352897644,1.017277717590332,0.16513550281524658,-0.2860679030418396,0.9626613855361938,0.13450786471366882,-0.3029329776763916,0.9937536120414734,0.1342352330684662,-0.3286391496658325,0.9946252107620239,0.15259993076324463,-0.31887751817703247,0.9672578573226929,0.16763141751289368,-0.31864917278289795,0.9630476236343384,0.13519632816314697,-0.3445102870464325,0.9715574979782104,0.151432067155838,-0.3343279957771301,0.9632817506790161,0.14341337978839874,-0.3379220962524414,0.970911979675293,0.1785224825143814,-0.3279268145561218,0.916075587272644,0.1489679217338562,-0.3507347106933594,0.9582277536392212,0.16202518343925476,-0.31715765595436096,0.9319581389427185,0.16957125067710876,-0.3463497757911682,0.9280673265457153,0.18151149153709412,-0.33898496627807617,0.9313249588012695,-0.267874538898468,-0.018592095002532005,1.052662968635559,-0.2773357629776001,-0.07520442456007004,1.025403380393982,-0.2556379437446594,-0.05804969370365143,1.0292812585830688,-0.2919769287109375,-0.10620176047086716,1.0504558086395264,-0.21061156690120697,-0.024642225354909897,1.0587414503097534,-0.26495981216430664,-0.10834918916225433,1.0400855541229248,-0.15494398772716522,-0.05787552893161774,1.2180083990097046,-0.17140156030654907,-0.10943952947854996,1.1770164966583252,-0.1826668232679367,-0.09606893360614777,0.9406580924987793,-0.18686369061470032,-0.014495914801955223,0.9122511148452759,-0.13527758419513702,0.05139889568090439,0.9116570353507996,-0.07014307379722595,0.06823641061782837,1.3088078498840332,-0.07079197466373444,0.07507720589637756,1.2560417652130127,-0.0678056925535202,0.1018131822347641,1.2384743690490723,-0.16307690739631653,-0.010051827877759933,0.9440443515777588,-0.13740983605384827,-0.0941782146692276,1.686864972114563,-0.1188621073961258,-0.08235225081443787,1.3413722515106201,-0.13601729273796082,-0.06306447833776474,1.275681972503662,-0.012916071340441704,0.11493953317403793,1.1513278484344482,-0.03922157734632492,0.12703780829906464,1.0828964710235596,-0.18613258004188538,-0.08133701235055923,0.06721902638673782,-0.19611753523349762,-0.1558273583650589,0.04163594916462898,-0.11540910601615906,-0.1038363128900528,1.6695806980133057,-0.10476808995008469,-0.08650030195713043,1.6201493740081787,-0.13615360856056213,-0.17935292422771454,1.2080349922180176,-0.13628193736076355,-0.18821971118450165,1.1799850463867188,-0.14327986538410187,-0.20751652121543884,1.1695603132247925,-0.06912946701049805,0.018666887655854225,1.399096131324768,-0.059170715510845184,0.014047659933567047,1.3953375816345215,-0.11842400580644608,-0.18561333417892456,1.2247869968414307,-0.13205835223197937,-0.10373309999704361,1.1967353820800781,-0.16214773058891296,-0.1132163479924202,0.1327337920665741,-0.16926179826259613,-0.06831294298171997,0.1492575705051422,-0.024869423359632492,0.05479719489812851,1.2990639209747314,-0.11625341325998306,-0.11817432940006256,1.4289661645889282,-0.11680156737565994,-0.11057668924331665,1.4091243743896484,-0.10614552348852158,-0.10963667184114456,1.389399766921997,-0.12008761614561081,-0.10501039773225784,1.3888403177261353,-0.12328335642814636,-0.11882970482110977,1.3728301525115967,-0.12385477125644684,-0.12554091215133667,0.7640888094902039,-0.13770757615566254,-0.08782967925071716,0.7529885768890381,-0.0009552426636219025,0.16251406073570251,1.1709092855453491,-0.0009142402559518814,0.15272071957588196,1.2142884731292725,-0.10986638069152832,-0.1783619225025177,1.2237893342971802,-0.11816038936376572,-0.11603221297264099,0.8427271842956543,-0.16021598875522614,-0.012651816010475159,0.058429550379514694,-0.1639285683631897,-0.019729703664779663,0.012518428266048431,-0.1334998607635498,-0.18834081292152405,0.8389734029769897,-0.025447694584727287,0.11124172806739807,1.2959980964660645,-0.1087958887219429,-0.19893720746040344,1.5675841569900513,-0.0823635682463646,-0.08656561374664307,1.5093637704849243,-0.047963425517082214,-0.0026712287217378616,1.5072026252746582,-0.046642158180475235,-0.04210304468870163,1.5459625720977783,-0.06855420768260956,-0.04161815345287323,1.5229642391204834,-0.06041586026549339,-0.009968642145395279,1.4585195779800415,-0.0034697894006967545,0.015777144581079483,1.5513393878936768,-0.07838315516710281,-0.11586470901966095,1.4584797620773315,-0.09358435869216919,0.04481388255953789,0.9689586162567139,-0.07399757206439972,-0.10622487217187881,1.7598273754119873,-0.08210211992263794,-0.11175684630870819,1.7525620460510254,-0.09002164006233215,-0.11963145434856415,1.7389814853668213,0.01763390749692917,-0.01932649314403534,1.4527696371078491,-0.033898014575242996,0.027718903496861458,1.4409117698669434,-0.09637102484703064,-0.10530401766300201,-0.005307764280587435,0.01133154146373272,0.0725061222910881,1.3986425399780273,-0.08138587325811386,-0.1911461055278778,1.4844557046890259,-0.09427931159734726,-0.08941546827554703,0.3558034598827362,-0.018241863697767258,-0.03389309346675873,1.4976861476898193,-0.042873673141002655,-0.076954185962677,1.4665451049804688,0.011342843994498253,0.03403453156352043,1.4834556579589844,-0.03381272777915001,0.05021560937166214,0.8540043830871582,-0.10015274584293365,-0.026300892233848572,0.3075646460056305,0.038083791732788086,0.1464235633611679,1.0873197317123413,-0.02994672767817974,0.024994410574436188,1.043379783630371,-0.09373188763856888,-0.2035030722618103,1.215691089630127,-0.10080205649137497,-0.18296431005001068,1.1268298625946045,-0.08551626652479172,-0.054940223693847656,0.2853720486164093,-0.06693221628665924,-0.06830481439828873,0.22417309880256653,-0.09857875108718872,-0.021303460001945496,0.2200435996055603,-0.02183910831809044,-0.05454833433032036,1.5056413412094116,-0.04103825241327286,-0.12598498165607452,0.6693486571311951,-0.06711693108081818,-0.05356931313872337,0.6306320428848267,0.04929403215646744,0.16163605451583862,1.2063872814178467,0.048725444823503494,0.16963514685630798,1.1337032318115234,-0.05492732301354408,-0.21964792907238007,1.1413285732269287,-0.08341027796268463,-0.06884177774190903,0.08211898058652878,0.03725361451506615,0.1256192922592163,1.1152018308639526,0.02898007072508335,0.09809190034866333,1.1438014507293701,0.04091339185833931,-0.05169007554650307,1.5018677711486816,-0.06316179782152176,-0.1730751246213913,1.355368971824646,0.0613480806350708,0.08060026168823242,1.3840103149414062,0.06013646721839905,-0.021748069673776627,1.4412646293640137,0.03210059925913811,-0.06173079460859299,1.4947863817214966,0.08416517078876495,0.12049543857574463,1.1218351125717163,0.09767422080039978,0.11714649200439453,1.0793724060058594,-0.00948585756123066,-0.19125410914421082,1.3485627174377441,0.019644226878881454,0.022963888943195343,1.0405701398849487,-0.03293405473232269,-0.22129413485527039,1.0799095630645752,0.12080211937427521,0.05749030411243439,1.397294282913208,0.028123265132308006,-0.08531210571527481,1.288854718208313,0.096056267619133,0.013424519449472427,1.4820761680603027,0.061935875564813614,-0.02797614224255085,1.4762554168701172,0.033001214265823364,-0.08064432442188263,1.2058405876159668,0.047544509172439575,0.09238281846046448,0.9185551404953003,0.04340134561061859,-0.14103060960769653,1.6885489225387573,0.06241069734096527,-0.1963232308626175,0.04412505403161049,0.06620977818965912,-0.22581839561462402,0.01361406221985817,0.058637190610170364,-0.1126401424407959,0.036163900047540665,-0.00020051375031471252,-0.2370292693376541,1.5612398386001587,0.03797540068626404,-0.06319835782051086,0.6860357522964478,0.113724485039711,-0.03341697156429291,1.4456262588500977,0.05627217888832092,-0.1481204330921173,1.448124647140503,0.08746378868818283,-0.1461816430091858,1.3899998664855957,0.04828585311770439,-0.11574382334947586,1.3833138942718506,0.06798539310693741,-0.05911147966980934,0.3511836528778076,0.0744786262512207,-0.16052255034446716,0.2029860019683838,0.0901598110795021,-0.06845125555992126,0.15155234932899475,0.14216427505016327,0.11278854310512543,1.1236255168914795,0.13813656568527222,0.13927412033081055,1.1017038822174072,0.07449942827224731,-0.14738990366458893,0.7106152772903442,0.07671362161636353,-0.0532231479883194,0.6264000535011292,0.03968009725213051,-0.18457719683647156,1.6669224500656128,0.07707518339157104,-0.1893869936466217,1.6246024370193481,0.0838974341750145,-0.13624393939971924,0.5208533406257629,0.06522640585899353,-0.13512364029884338,1.7005397081375122,0.0867360532283783,-0.1433345377445221,1.6517139673233032,0.05922551453113556,-0.12876984477043152,1.127955436706543,0.06698784232139587,-0.11205950379371643,1.1068156957626343,0.05635633319616318,-0.18010921776294708,1.0782206058502197,0.05561571940779686,-0.21834072470664978,1.5585217475891113,0.07230698317289352,-0.14642822742462158,1.4772708415985107,0.06223824620246887,-0.18670654296875,1.4681695699691772,0.17694337666034698,0.10317183285951614,1.0871599912643433,0.05506428703665733,-0.2004256695508957,1.2657153606414795,0.05022648349404335,-0.253898561000824,1.2193375825881958,0.06656517833471298,-0.17051482200622559,1.2106401920318604,0.1320667415857315,-0.07728798687458038,0.09288842231035233,0.12140007317066193,-0.1737183928489685,0.12965714931488037,0.1370154470205307,-0.16881144046783447,0.11119010299444199,0.10226359963417053,-0.12785816192626953,1.6773943901062012,0.05999938026070595,-0.22080060839653015,1.2674583196640015,0.14451870322227478,-0.061882130801677704,0.38932541012763977,0.12276065349578857,-0.10850314795970917,0.44961437582969666,0.14856848120689392,-0.08422952145338058,0.3325500786304474,0.09664294123649597,-0.16526144742965698,1.3772231340408325,0.08283483982086182,-0.1620776504278183,1.3777247667312622,0.09852002561092377,-0.14289090037345886,1.3405081033706665,0.12390763312578201,0.0609143003821373,0.9031839966773987,0.11077511310577393,-0.11742575466632843,0.8278753161430359,0.15786054730415344,-0.08295461535453796,0.1999572515487671,0.1671602576971054,-0.11355505138635635,0.21177607774734497,0.10596615821123123,-0.14248454570770264,1.335828185081482,0.1760256588459015,0.016320709139108658,1.3101545572280884,0.18467305600643158,0.04582281783223152,1.2959660291671753,0.03797474876046181,-0.30484306812286377,1.1085700988769531,0.16176839172840118,-0.07266469299793243,0.9706631898880005,0.16351157426834106,-0.12896397709846497,0.9557794332504272,0.0919828936457634,-0.17459163069725037,1.1594308614730835,0.08650889992713928,-0.28017064929008484,1.0506056547164917,0.09552925825119019,-0.24334311485290527,1.0268733501434326,0.11022429913282394,-0.30752331018447876,1.1137855052947998,-0.2538512647151947,-0.02627580612897873,1.027127981185913,-0.2816386818885803,-0.07825039327144623,0.9934051632881165,-0.2193496823310852,-0.11244472861289978,1.0958240032196045,-0.23795560002326965,-0.12842264771461487,1.1357333660125732,-0.18141917884349823,-0.08583138138055801,1.121338963508606,-0.16433048248291016,-0.04794970899820328,1.1524989604949951,-0.18691039085388184,-0.15471802651882172,0.8527471423149109,-0.06502579152584076,0.1267339140176773,1.1194660663604736,-0.07213512808084488,0.10090699791908264,1.204996943473816,-0.15704812109470367,-0.2461862564086914,1.0694043636322021,-0.14594370126724243,-0.15920189023017883,0.9395995140075684,-0.1827390193939209,-0.07462558150291443,0.23615440726280212,-0.16131052374839783,-0.12336333841085434,0.25083059072494507,-0.12757104635238647,-0.01970507763326168,0.4596326947212219,-0.14470404386520386,-0.1942337602376938,0.8441689610481262,-0.12181888520717621,-0.07763942331075668,0.6008799076080322,-0.12109741568565369,-0.11684991419315338,0.6596143245697021,-0.10856960713863373,-0.05733286589384079,0.6671393513679504,-0.10081259906291962,-0.04076635465025902,1.1018688678741455,-0.11319231986999512,-0.10424904525279999,1.1157690286636353,0.013882866129279137,0.1332651972770691,1.2708489894866943,-0.10874031484127045,-0.023750202730298042,0.837549090385437,-0.11763777583837509,-0.1333269327878952,0.26692697405815125,-0.10395151376724243,-0.07227646559476852,1.204766035079956,-0.08947330713272095,-0.06939396262168884,1.1347261667251587,-0.11188556253910065,-0.11245367676019669,0.4086611568927765,-0.08216824382543564,-0.11623100936412811,1.6832313537597656,-0.09060655534267426,-0.1476595401763916,1.6633129119873047,-0.056123193353414536,-0.18219754099845886,1.666074275970459,-0.07731771469116211,-0.2106635570526123,1.6230530738830566,-0.09652028977870941,-0.19774430990219116,1.5322353839874268,-0.09857945144176483,-0.09159661829471588,0.3010762929916382,-0.045501958578825,-0.13272607326507568,0.7240958213806152,-0.07050752639770508,-0.0991281121969223,0.22969672083854675,-0.08883264660835266,-0.12937204539775848,0.23473742604255676,-0.10183340311050415,-0.03801789879798889,0.17109352350234985,-0.05081075429916382,0.06509803235530853,0.9671309590339661,-0.03604074567556381,-0.11096572875976562,1.7225658893585205,-0.053231824189424515,-0.11937159299850464,1.7086050510406494,0.07374799996614456,0.07410398125648499,1.2436838150024414,-0.0023634834215044975,0.08017820119857788,1.2442855834960938,0.055138807743787766,0.05637919530272484,1.2889320850372314,0.006153995171189308,-0.09051808714866638,1.2407928705215454,0.07792717963457108,0.1232759952545166,1.2962756156921387,0.07056298106908798,0.10125930607318878,1.1475379467010498,0.1316574513912201,0.14448589086532593,1.2299482822418213,0.06460823118686676,-0.0138090830296278,1.6413915157318115,0.10008060187101364,0.08909042924642563,1.1513898372650146,0.039104193449020386,-0.21821439266204834,0.8984890580177307,0.04464057832956314,-0.11773267388343811,0.2198830395936966,0.06591727584600449,-0.13705812394618988,0.15967002511024475,0.03252585977315903,-0.13098302483558655,0.6692080497741699,0.040275536477565765,-0.01256521139293909,1.0762124061584473,0.05319865792989731,-0.04885479435324669,0.5329535007476807,0.12088524550199509,0.022584760561585426,1.336597204208374,0.05690960958600044,-0.18722592294216156,1.3767530918121338,0.09194475412368774,-0.024935085326433182,1.6035224199295044,0.07614573836326599,-0.08421260118484497,1.5568456649780273,0.08045080304145813,-0.06472379714250565,1.54115891456604,0.06318014860153198,-0.13481126725673676,1.7449982166290283,0.043026212602853775,-0.20818495750427246,1.3173123598098755,0.1167854443192482,-0.029616814106702805,0.45544201135635376,0.08530682325363159,-0.016719486564397812,0.45080098509788513,0.10832218080759048,-0.04006511718034744,0.29812178015708923,0.12988540530204773,-0.047987427562475204,0.26816630363464355,0.09406964480876923,-0.1442691534757614,1.4686448574066162,0.08458143472671509,-0.1524038314819336,1.4748424291610718,0.09395904839038849,-0.14427563548088074,1.4604946374893188,0.10453907400369644,-0.0552070215344429,0.7337146997451782,0.11329369246959686,-0.09849295765161514,0.6015651822090149,0.13048474490642548,0.019608888775110245,0.9433912634849548,0.10269875824451447,-0.09994396567344666,1.0874629020690918,0.0930292010307312,-0.15039534866809845,1.068941354751587,0.10713560879230499,-0.16701552271842957,1.0112876892089844,0.10629025101661682,-0.11951795965433121,1.5845246315002441,0.11255723237991333,-0.11377458274364471,1.5086348056793213,0.044522013515233994,-0.24174624681472778,1.202695608139038,0.1352969855070114,-0.04711955785751343,1.5106221437454224,0.12277001142501831,-0.07947223633527756,1.54111909866333,0.1569443941116333,-0.10499964654445648,0.014167919754981995,0.16578637063503265,-0.17016947269439697,0.015150066465139389,0.13989806175231934,-0.0593104213476181,1.4756242036819458,0.14352813363075256,-0.0430392324924469,1.4541959762573242,0.15004697442054749,-0.04174884408712387,1.4249697923660278,0.15204498171806335,-0.027970829978585243,1.416492223739624,0.037386585026979446,-0.3095203638076782,1.1266820430755615,0.16425517201423645,-0.15872424840927124,0.8341800570487976,0.05322568491101265,-0.29106321930885315,1.1401865482330322,0.046072375029325485,-0.31242766976356506,1.126929759979248,0.19408509135246277,-0.11561575531959534,0.8470474481582642,0.1925843358039856,-0.09267448633909225,0.8271695971488953,0.20447733998298645,-0.05806080996990204,0.836176335811615,-0.20359855890274048,-0.12939491868019104,1.1521787643432617,-0.15720754861831665,-0.15285742282867432,1.2256656885147095,-0.16515858471393585,-0.14836502075195312,1.2092890739440918,-0.15543167293071747,-0.14150775969028473,1.2194733619689941,-0.15067419409751892,-0.14635218679904938,1.2377099990844727,-0.19686535000801086,-0.001516507938504219,0.8466426730155945,-0.12213574349880219,-0.11865964531898499,1.2681200504302979,-0.1473826915025711,-0.08061693608760834,1.0666654109954834,-0.0845823734998703,-0.015526480972766876,1.5330430269241333,-0.136903315782547,-0.1263972371816635,1.179777979850769,-0.1436462104320526,-0.10915765166282654,1.1320016384124756,-0.062155045568943024,0.005204381421208382,1.4455281496047974,-0.05111037939786911,0.005494892597198486,1.4140549898147583,-0.1390848159790039,-0.1484609842300415,1.017202377319336,-0.10488598793745041,-0.1688939929008484,0.9788248538970947,-0.11667335778474808,-0.04256252199411392,0.7568645477294922,0.011449525132775307,0.10343658179044724,1.3274016380310059,-0.022566460072994232,-0.0011271312832832336,1.6245334148406982,-0.08770500123500824,-0.03289780020713806,0.015526669099926949,-0.10235172510147095,-0.017408760264515877,0.0012763403356075287,-0.08102302998304367,0.023247690871357918,0.8541078567504883,-0.002925543114542961,0.09414464235305786,0.8544883728027344,-0.057760052382946014,-0.02615112066268921,0.8307098150253296,0.05562830716371536,0.0148019352927804,1.3615434169769287,-0.0227200947701931,-0.0937580019235611,0.7543373107910156,-0.03384602069854736,-0.224472776055336,1.5392405986785889,-0.008524706587195396,0.015050340443849564,0.8708878755569458,-0.005889071151614189,-0.026905572041869164,0.8472280502319336,0.004895356483757496,-0.11712931841611862,0.8489075303077698,-0.0777040496468544,-0.1643713116645813,0.8547724485397339,-0.006794886663556099,-0.22494249045848846,0.847575306892395,0.013582741841673851,-0.10978645086288452,0.8145027160644531,-0.009794017300009727,-0.16008836030960083,0.8589862585067749,0.01920412853360176,-0.07807891070842743,1.4616072177886963,0.012754682451486588,-0.036573972553014755,0.8367705941200256,0.013995715416967869,-0.04922143369913101,0.8107775449752808,0.03962048143148422,-0.07728593796491623,1.5357974767684937,0.0415976382791996,-0.06673943251371384,1.5149182081222534,0.02491653896868229,-0.12368375062942505,0.8325943946838379,0.12082051485776901,0.05549567565321922,0.8332151174545288,0.048801030963659286,-0.08842792361974716,0.2147284746170044,0.03157990425825119,-0.03511384129524231,0.7937646508216858,0.11246254295110703,0.06601952761411667,1.2653263807296753,0.0813080221414566,-0.1121557205915451,0.34185099601745605,0.0781492367386818,-0.09982912242412567,0.2789376378059387,0.09358738362789154,-0.1199050322175026,0.2959062159061432,0.08532828092575073,-0.16392171382904053,0.24449968338012695,0.12083841115236282,-0.02908286266028881,1.4876039028167725,0.0666886568069458,-0.01693400740623474,0.8295803070068359,0.08745697140693665,-0.03653177246451378,0.801048755645752,0.07078398764133453,-0.1417703479528427,1.2214031219482422,0.11262670159339905,-0.12200579792261124,0.3921090364456177,0.11264529079198837,-0.06486988067626953,1.5772645473480225,0.0651666522026062,-0.123066246509552,1.2736046314239502,0.12472634017467499,-0.12246538698673248,0.295401394367218,0.14035311341285706,0.11819437146186829,1.2756831645965576,0.07949930429458618,-0.11266255378723145,1.2022559642791748,0.12756052613258362,-0.0660739466547966,0.1565612107515335,0.17693988978862762,0.12175871431827545,1.202742099761963,0.11536888778209686,-0.05205269530415535,0.1968826949596405,0.12690328061580658,-0.17104077339172363,0.2172880619764328,0.15740610659122467,0.005442777648568153,1.3516337871551514,0.10100649297237396,-0.14979024231433868,1.4119688272476196,0.10515128076076508,-0.1465248316526413,1.3840583562850952,0.10178502649068832,-0.14654308557510376,1.4137821197509766,0.11609490215778351,-0.12445484101772308,1.3619985580444336,0.057206034660339355,-0.26455602049827576,1.183585286140442,0.04034315049648285,-0.2740134298801422,1.178841233253479,0.17577345669269562,0.037874575704336166,1.2757803201675415,0.19921503961086273,0.07316415756940842,1.2312591075897217,0.19145238399505615,0.07524106651544571,1.20154869556427,0.07986973971128464,-0.18591099977493286,1.2188137769699097,0.06396893411874771,-0.217643603682518,1.235037922859192,0.15006175637245178,-0.18344154953956604,0.849143922328949,0.0739036500453949,-0.23347067832946777,1.2437101602554321,0.06419214606285095,-0.2668638825416565,1.1433608531951904,0.0713234692811966,-0.21187201142311096,1.1180543899536133,0.0628681406378746,-0.25060898065567017,1.110602617263794,0.12614992260932922,-0.2817299962043762,1.1432933807373047,0.1266544759273529,-0.271231472492218,1.0106561183929443,0.1125449687242508,-0.3134900629520416,1.0683730840682983,-0.15849751234054565,-0.24112817645072937,1.1072075366973877,-0.14570610225200653,-0.18917371332645416,1.1682058572769165,-0.15348130464553833,-0.1815435290336609,1.1895726919174194,-0.14615201950073242,-0.2306208610534668,1.1141281127929688,-0.07678018510341644,0.0035865996032953262,1.4729640483856201,-0.08305934816598892,-0.006477151066064835,1.456045389175415,-0.08295503258705139,0.017237607389688492,1.4229779243469238,-0.10550165176391602,-0.11162219941616058,1.649169921875,-0.11519622802734375,-0.1351349651813507,1.5654386281967163,-0.15655088424682617,-0.08939401060342789,0.29390749335289,-0.12386029213666916,-0.0756763219833374,0.8303030729293823,-0.12163415551185608,-0.10255755484104156,0.8118682503700256,-0.050182510167360306,0.1414116770029068,1.10133695602417,-0.09995357692241669,-0.1716027706861496,1.218631625175476,-0.10775356739759445,-0.039252519607543945,0.8067518472671509,-0.05951213836669922,-0.13248209655284882,1.6876351833343506,-0.10812343657016754,-0.14689019322395325,1.1114253997802734,-0.076738640666008,-0.20446175336837769,1.0940459966659546,-0.0011029280722141266,0.10523378849029541,1.1864351034164429,0.06584853678941727,0.09592738002538681,1.1805753707885742,-0.06590424478054047,-0.060076504945755005,1.1530557870864868,-0.04608761519193649,-0.11787794530391693,0.845083475112915,-0.06632289290428162,-0.20162954926490784,1.0345947742462158,-0.0507977232336998,0.0009250640869140625,1.062991738319397,-0.01969972252845764,-0.221395805478096,1.630495309829712,0.006301173474639654,-0.10151903331279755,0.7447249889373779,0.006598899140954018,0.032199110835790634,1.3375904560089111,0.06531818211078644,-0.1737811118364334,-0.015368245542049408,0.162790909409523,0.144971564412117,1.1550655364990234,0.1261097937822342,0.09197770804166794,1.1951771974563599,0.11961763352155685,0.16030371189117432,1.1706271171569824,0.09224695712327957,0.08528585731983185,0.8468726277351379,0.1305539608001709,-0.0652250200510025,-0.003485441207885742,0.1066499650478363,-0.03882116079330444,0.8224814534187317,0.11701650172472,-0.11700807511806488,0.3483457863330841,0.08977610617876053,-0.1863650679588318,1.3558168411254883,0.06603241711854935,-0.21426375210285187,1.2843341827392578,0.19023939967155457,-0.003951961174607277,0.8308899998664856,0.20012646913528442,-0.05591820925474167,0.8969237804412842,0.11989392340183258,-0.2976219058036804,1.0293219089508057,-0.24878129363059998,-0.12937059998512268,1.1009553670883179,-0.20138956606388092,-0.0829908698797226,0.9041024446487427,-0.2115318477153778,-0.07711203396320343,0.8486983776092529,-0.08562269061803818,0.004709556698799133,1.4150760173797607,-0.07212522625923157,0.050275012850761414,1.3063805103302002,-0.10161203145980835,-0.08487976342439651,1.5000789165496826,-0.14300256967544556,-0.06536009907722473,1.0326972007751465,-0.14879567921161652,-0.10124945640563965,1.0689290761947632,-0.09962037205696106,-0.08267852663993835,1.5006790161132812,-0.1019309014081955,-0.09362871944904327,1.4874484539031982,-0.103260338306427,-0.086707204580307,1.4972565174102783,-0.10363055020570755,-0.09173615276813507,1.4983779191970825,-0.10891473293304443,-0.10273553431034088,1.4852771759033203,-0.13642844557762146,-0.13271833956241608,0.1353335976600647,-0.11444652825593948,-0.1726645529270172,1.6072156429290771,-0.0343555212020874,-0.06525084376335144,1.2061976194381714,-0.08900590240955353,-0.14710141718387604,0.03792797774076462,-0.0477118082344532,-0.07763825356960297,1.2426806688308716,-0.011886291205883026,-0.06763149052858353,1.1627885103225708,-0.039692677557468414,0.09308728575706482,0.9251394271850586,-0.005806447938084602,-0.1466582715511322,1.6976776123046875,-0.03115515410900116,-0.08541566133499146,0.6863669753074646,0.027680184692144394,0.03937600925564766,1.3101730346679688,-0.002122309058904648,-0.19726748764514923,0.989304780960083,-0.05301395058631897,-0.22658726572990417,1.185263991355896,0.0703403577208519,0.07872941344976425,1.2146486043930054,0.06656936556100845,-0.09423154592514038,0.1435823142528534,0.057683493942022324,-0.18444573879241943,0.9786652326583862,0.11614787578582764,-0.1780349612236023,0.951785147190094,0.09637659788131714,-0.05822255462408066,1.5112571716308594,0.03816542029380798,-0.20403333008289337,1.1385114192962646,0.023996710777282715,-0.07641124725341797,1.159472942352295,0.08794444799423218,-0.054888710379600525,1.0870487689971924,0.08830537647008896,0.05459252744913101,0.9500601291656494,0.12765954434871674,-0.24356326460838318,-0.027470454573631287,0.103984534740448,-0.23042455315589905,-0.039159297943115234,0.1548563838005066,-0.21521887183189392,-0.030911771580576897,0.14576661586761475,-0.1588236391544342,0.19689320027828217,0.09907780587673187,-0.14710769057273865,1.4101781845092773,0.10262200236320496,-0.14814350008964539,1.411575436592102,0.06265651434659958,-0.17151589691638947,1.28961181640625,0.06402856111526489,-0.20449337363243103,1.2743209600448608,0.20443817973136902,0.10535751283168793,1.1481916904449463,0.19870784878730774,0.09155050665140152,1.1059367656707764,0.20869101583957672,0.09628212451934814,1.105301022529602,0.13411429524421692,-0.26156941056251526,1.0145267248153687,0.12251840531826019,-0.31626832485198975,1.0104148387908936,0.13074560463428497,-0.3382362127304077,1.0029751062393188,-0.21986070275306702,-0.06020272150635719,1.0487033128738403,-0.1621832698583603,-0.2140200287103653,1.1506696939468384,-0.12589722871780396,-0.09493671357631683,0.32818132638931274,-0.017703533172607422,0.12898750603199005,1.0775573253631592,-0.11788782477378845,-0.15600228309631348,1.058044195175171,-0.029542699456214905,-0.046551767736673355,0.8374208807945251,-0.044556546956300735,-0.03953259065747261,0.794951856136322,-0.03822236880660057,-0.09207058697938919,0.8023869395256042,-0.005765021778643131,-0.01965939812362194,1.1099207401275635,0.02142886258661747,-0.207572802901268,0.8341178297996521,0.0886153131723404,0.013406806625425816,0.8463034629821777,0.13836617767810822,0.09504709392786026,1.1673600673675537,0.11195650696754456,-0.09655508399009705,1.5153189897537231,0.12239998579025269,-0.07347555458545685,1.500380277633667,0.1859380304813385,-0.1244276687502861,0.897844672203064,-0.1661212146282196,-0.21773874759674072,1.1188925504684448,-0.09327797591686249,-0.04401968792080879,1.541577696800232,0.009765838272869587,0.13078249990940094,1.1197819709777832,-0.07002604007720947,-0.02629629522562027,1.5750749111175537,-0.05208493396639824,-0.05650274083018303,1.5557854175567627,-0.026045765727758408,-0.06433571130037308,1.5337752103805542,0.01665380597114563,-0.20923790335655212,1.0422368049621582,0.027596067637205124,-0.2077905684709549,1.2252891063690186,0.08698786050081253,-0.170197993516922,0.12068499624729156,0.0654325932264328,-0.18668261170387268,1.186291217803955,0.07848688960075378,-0.15887451171875,1.1409915685653687,0.13776075839996338,-0.027422796934843063,1.4280447959899902,0.13036584854125977,0.0006478196009993553,1.448487401008606,0.08612765371799469,-0.12099790573120117,1.1570467948913574,0.10813695937395096,-0.07654312998056412,0.8097844123840332,0.031883589923381805,-0.2563602328300476,1.207917332649231,0.16108223795890808,0.013477440923452377,1.3718898296356201,-0.06463479995727539,0.0346105694770813,1.3758314847946167,-0.12085834890604019,-0.01941722072660923,0.3362739682197571,0.018605750054121017,-0.10238862037658691,0.7014614343643188,0.027812082320451736,-0.22600868344306946,1.6134271621704102,-0.061582352966070175,0.13148629665374756,1.1587010622024536,-0.14436955749988556,-0.1467764675617218,1.2419450283050537,-0.07918502390384674,-0.05677236244082451,0.36930733919143677,0.05648694932460785,0.02925289422273636,1.4861080646514893,0.08081332594156265,-0.23107197880744934,-0.023904290050268173,0.09811528772115707,-0.14594385027885437,1.4588415622711182,0.09478463232517242,-0.1439841091632843,1.4584416151046753,0.08911369740962982,-0.15046727657318115,1.3749133348464966,0.13973139226436615,-0.15029212832450867,0.16081812977790833,0.15005168318748474,-0.1163969337940216,0.14036235213279724,0.07444527745246887,-0.2621161639690399,1.190133810043335,-0.17496812343597412,-0.15575820207595825,0.910370409488678,-0.0720704048871994,0.019067466259002686,1.397512435913086,-0.07124608755111694,0.01672106608748436,1.3998866081237793,-0.07607807219028473,0.01515161618590355,1.3983913660049438,-0.08319738507270813,-0.08085257560014725,0.1661239117383957,-0.028270669281482697,-0.09977832436561584,0.8414472341537476,0.06151099503040314,-0.13918057084083557,0.1097625195980072,0.08561118692159653,-0.28570130467414856,1.148878574371338,0.08850539475679398,-0.18186494708061218,1.5778098106384277,0.11904145777225494,-0.09982775151729584,0.7609050273895264,0.15366321802139282,-0.024870505556464195,1.4006915092468262,0.15633076429367065,-0.004077410791069269,1.377159595489502,0.06742341816425323,-0.09839648753404617,-0.0148557648062706,-0.00578231830149889,-0.5917199850082397,1.0611993074417114,-0.002982188481837511,-0.5699265599250793,1.0348389148712158,-0.00592777319252491,-0.5768548846244812,1.0376627445220947,-0.011194240301847458,-0.5696982145309448,1.0460304021835327,-0.011540471576154232,-0.5898338556289673,1.0479049682617188,-0.005734381265938282,-0.5867422819137573,1.0602519512176514,0.04919417202472687,-0.47402703762054443,1.0269711017608643,0.03623565286397934,-0.4759517014026642,1.024139165878296,0.04036613926291466,-0.49424615502357483,1.032993197441101,0.034868065267801285,-0.5010887980461121,1.037351131439209,0.0829928070306778,-0.356494665145874,0.9523524045944214,0.0803193747997284,-0.3625846803188324,0.9691503643989563,0.08242145925760269,-0.366146981716156,0.947963535785675,0.027837486937642097,-0.48788270354270935,0.9938620924949646,0.02602299302816391,-0.5007390975952148,1.0094984769821167,0.03744538500905037,-0.5194224119186401,1.056745171546936,0.03642062097787857,-0.5115559697151184,1.047214150428772,0.06788243353366852,-0.39120766520500183,0.9364840984344482,0.06358585506677628,-0.39876189827919006,0.9556698799133301,0.07588290423154831,-0.42378631234169006,1.019100308418274,0.07342185080051422,-0.41951853036880493,1.0125311613082886,0.0128937354311347,-0.5733553767204285,1.0698977708816528,0.005427722353488207,-0.559514045715332,1.02847421169281,0.08536608517169952,-0.36520352959632874,0.9362325072288513,0.07812722027301788,-0.37036094069480896,0.9331040382385254,0.17117515206336975,-0.2260718196630478,0.9954071044921875,0.16817960143089294,-0.23331132531166077,0.9950518012046814,0.16784723103046417,-0.22444748878479004,0.9748862981796265,0.021380839869379997,-0.538573145866394,1.0534229278564453,0.01718883588910103,-0.556908905506134,1.0584547519683838,0.08484786748886108,-0.36806148290634155,0.9319754838943481,0.08134526759386063,-0.3691246509552002,0.9225490689277649,-0.019069410860538483,-0.6114402413368225,1.014945149421692,-0.019514473155140877,-0.6194612979888916,1.023693561553955,0.18264493346214294,-0.21311357617378235,0.9873219728469849,0.17852213978767395,-0.2225835919380188,0.9993906617164612,0.17662662267684937,-0.21339350938796997,0.9816650152206421,0.17195478081703186,-0.22040608525276184,0.9729973673820496,-0.02302408032119274,-0.6437851786613464,1.075971245765686,-0.025031153112649918,-0.6595140099525452,1.0885119438171387,-0.028805021196603775,-0.659683346748352,1.0696063041687012,0.04734807088971138,-0.4481044113636017,0.9663323163986206,0.0470452643930912,-0.46240049600601196,0.9699896574020386,0.03412400558590889,-0.47714337706565857,0.9629261493682861,0.04258875921368599,-0.473013699054718,0.9635112881660461,0.1788519322872162,-0.22979559004306793,1.003145456314087,0.1793615221977234,-0.21420082449913025,0.975998044013977,0.03560412675142288,-0.5353405475616455,1.0681556463241577,0.04320508986711502,-0.536411464214325,1.0704295635223389,0.02803400531411171,-0.5479415655136108,1.0708211660385132,0.025202255696058273,-0.5625437498092651,1.0759615898132324,0.06287805736064911,-0.41927969455718994,0.9518793821334839,0.05814308300614357,-0.43076252937316895,0.9493517875671387,0.054875075817108154,-0.43190789222717285,0.95699542760849,0.18348512053489685,-0.21675783395767212,0.980601966381073,0.18012981116771698,-0.2300933599472046,1.0008689165115356,0.17621883749961853,-0.22846198081970215,0.9765527248382568,0.08468586206436157,-0.3494250774383545,0.8919644951820374,0.0820307731628418,-0.35269424319267273,0.8866026401519775,0.08531893044710159,-0.3593262732028961,0.9093636274337769,0.08522793650627136,-0.36041259765625,0.9001567959785461,0.08119387924671173,-0.35502758622169495,0.8956685066223145,0.03664765506982803,-0.4969041347503662,0.9592720866203308,0.03375817462801933,-0.48411059379577637,0.9551321268081665,0.03181527554988861,-0.48933708667755127,0.9443172216415405,0.026861857622861862,-0.49041256308555603,0.9465251564979553,0.17648282647132874,-0.22896608710289001,0.9864277243614197,-0.018873056396842003,-0.6646995544433594,1.0931270122528076,-0.025526300072669983,-0.6624687910079956,1.0765087604522705,-0.021778717637062073,-0.6742606163024902,1.0901305675506592,-0.02796952985227108,-0.6736754775047302,1.0955617427825928,-0.02771860361099243,-0.656204342842102,1.062462568283081,0.1047242060303688,-0.36222395300865173,0.9474996328353882,0.0900166928768158,-0.36965057253837585,0.9364814758300781,-0.008603446185588837,-0.5999403595924377,1.0073201656341553,-0.02059117704629898,-0.619802713394165,1.0184943675994873,-0.02052312344312668,-0.6330397129058838,1.032758355140686,0.09022277593612671,-0.42319822311401367,1.0146797895431519,0.08352555334568024,-0.43635666370391846,1.018702745437622,0.08151663839817047,-0.4450673460960388,1.0154283046722412,0.044391706585884094,-0.533247709274292,1.0708606243133545,0.04046497121453285,-0.5406991243362427,1.063622236251831,0.024351278319954872,-0.5786374807357788,1.0758696794509888,0.044364139437675476,-0.5134437680244446,1.0531083345413208,0.013233646750450134,-0.5806837677955627,1.0194892883300781,-0.0037607026752084494,-0.6044477224349976,1.0230536460876465,0.09176740050315857,-0.4217207133769989,1.0110632181167603,0.0459810271859169,-0.5239464640617371,1.0381230115890503,0.05695266276597977,-0.5100908279418945,1.031522512435913,0.04393841698765755,-0.5352237224578857,1.0451267957687378,-0.013008663430809975,-0.642031192779541,1.0637133121490479,-0.009724230505526066,-0.6319363117218018,1.0534671545028687,0.034960877150297165,-0.5111133456230164,0.9916672706604004,0.04066064953804016,-0.5151488780975342,1.0022616386413574,0.03235745057463646,-0.5294799208641052,1.0098820924758911,0.0388764813542366,-0.5322297215461731,1.0175855159759521,0.06858956068754196,-0.47172069549560547,1.0181615352630615,0.04961469769477844,-0.49833744764328003,1.0291684865951538,0.022712279111146927,-0.5760747790336609,1.0584567785263062,0.0159786157310009,-0.595440149307251,1.0547648668289185,0.009825770743191242,-0.5954278707504272,1.0620594024658203,0.02144404873251915,-0.5710465908050537,1.0335265398025513,0.01902884989976883,-0.5781584978103638,1.029923677444458,0.055925048887729645,-0.487882137298584,0.9888225197792053,0.04689370095729828,-0.5008343458175659,0.9924213290214539,0.0523364394903183,-0.47784918546676636,0.9740013480186462,0.04665066674351692,-0.4969866871833801,0.9837698936462402,0.03961079940199852,-0.5057798027992249,0.9941079020500183,0.06346169859170914,-0.4719672203063965,0.996979296207428,0.07088210433721542,-0.4634685814380646,0.9977538585662842,0.06597093492746353,-0.4528980851173401,0.9719348549842834,0.06799837201833725,-0.4616152346134186,0.9863133430480957,0.011915004812180996,-0.5852792263031006,1.0347269773483276,0.0103384954854846,-0.6000674962997437,1.0425114631652832,0.009411253035068512,-0.5915092825889587,1.0381991863250732,0.018830839544534683,-0.5957688689231873,1.0397536754608154,0.11072343587875366,-0.37659576535224915,0.9606478810310364,0.002267163246870041,-0.5521913170814514,1.0508087873458862,-0.0053734988905489445,-0.5628250241279602,1.0443929433822632,0.02542906254529953,-0.5050469636917114,1.0318683385849,0.023044131696224213,-0.5048698782920837,1.0266669988632202,0.016154177486896515,-0.515699028968811,1.0366536378860474,0.018039440736174583,-0.5092980861663818,1.026426911354065,0.01852811872959137,-0.5187023878097534,1.0363290309906006,0.039506129920482635,-0.482327938079834,1.0075560808181763,0.030330514535307884,-0.4866011142730713,1.0096696615219116,0.04169102758169174,-0.4666786193847656,1.0024882555007935,0.021077176555991173,-0.5190547704696655,1.0392754077911377,-0.006159323267638683,-0.5789724588394165,1.017948865890503,-0.011377852410078049,-0.5903540849685669,1.0424623489379883,0.02265472523868084,-0.5086448788642883,1.0060899257659912,-0.018411092460155487,-0.6054950952529907,1.0569475889205933,-0.022376520559191704,-0.6238544583320618,1.0560050010681152,-0.01689165085554123,-0.6115471124649048,1.0470305681228638,-0.02637304924428463,-0.6361134052276611,1.0684881210327148,0.09737418591976166,-0.3521254062652588,0.9680561423301697,0.10090476274490356,-0.3883860111236572,1.0347294807434082,0.09473894536495209,-0.39099112153053284,1.0307555198669434,0.1007399708032608,-0.3941439986228943,1.0356671810150146,0.06483881920576096,-0.4128822982311249,0.9570057392120361,0.1622953712940216,-0.22960661351680756,0.9671748280525208,0.17074787616729736,-0.24061447381973267,1.0076512098312378,0.16387245059013367,-0.2505919933319092,1.003171682357788,0.16026267409324646,-0.24760422110557556,0.9943774342536926,0.05753055959939957,-0.4810771942138672,1.033881664276123,0.009812564589083195,-0.5854668021202087,1.0832778215408325,-0.027136720716953278,-0.638974666595459,1.0481879711151123,0.13723544776439667,-0.27590543031692505,0.9670547842979431,0.13219796121120453,-0.29935434460639954,0.9619830846786499,0.06521729379892349,-0.4640254080295563,1.0379860401153564,0.05619329214096069,-0.4684736728668213,1.032989263534546,0.04404318332672119,-0.49857836961746216,1.0406678915023804,-0.02703125774860382,-0.6468343734741211,1.0485764741897583,-0.025788914412260056,-0.6666753888130188,1.097442388534546,-0.026238609105348587,-0.6741946339607239,1.100968599319458,-0.03249356895685196,-0.6689064502716064,1.0839229822158813,0.11084380745887756,-0.33535850048065186,0.9653896689414978,0.10779581218957901,-0.3498632609844208,0.9684872627258301,0.05166599527001381,-0.5005783438682556,1.0385711193084717,0.09351048618555069,-0.3539222180843353,0.9511107802391052,-0.02118946611881256,-0.6275231838226318,1.0260546207427979,0.12714579701423645,-0.35890305042266846,1.0457768440246582,0.12805865705013275,-0.3586331605911255,1.0423331260681152,0.11979594826698303,-0.3663720190525055,1.0341511964797974,0.12039357423782349,-0.37173154950141907,1.0443843603134155,0.11728609353303909,-0.38218605518341064,1.0475671291351318,0.10689503699541092,-0.36780408024787903,1.0115928649902344,0.11711642146110535,-0.3674144446849823,1.0169923305511475,-0.028381405398249626,-0.6751770973205566,1.1032015085220337,0.02384052239358425,-0.5201324224472046,0.9953724145889282,0.022723641246557236,-0.5310360789299011,1.0018854141235352,0.01941070333123207,-0.5324747562408447,1.0040091276168823,0.029767204076051712,-0.5060780048370361,0.9795435667037964,0.12597903609275818,-0.3708786070346832,1.0408518314361572,0.12002875655889511,-0.38453078269958496,1.0449367761611938,0.08503596484661102,-0.3732426166534424,0.9238441586494446,0.12573027610778809,-0.36601144075393677,1.0417675971984863,0.1216539591550827,-0.3686405420303345,1.033372402191162,0.041426882147789,-0.5232314467430115,1.0592225790023804,0.08046498149633408,-0.37804752588272095,0.9005615711212158,0.07911977171897888,-0.3759211003780365,0.8922613859176636,0.06827272474765778,-0.3834035396575928,0.8867993354797363,0.06793694198131561,-0.39162153005599976,0.893743634223938,0.11596383154392242,-0.36112576723098755,0.9672895669937134,0.11264573037624359,-0.39171478152275085,1.0319304466247559,0.03414393961429596,-0.5435659289360046,1.049834132194519,0.02695319429039955,-0.5599884986877441,1.0585620403289795,0.08350808918476105,-0.385684609413147,0.9244117736816406,0.08455780148506165,-0.39186471700668335,0.9242562055587769,0.07821342349052429,-0.3872547745704651,0.9114248156547546,0.03099074214696884,-0.5597810745239258,1.0510765314102173,0.03498639538884163,-0.5441514253616333,1.0396897792816162,0.03147413209080696,-0.5498694777488708,1.025830864906311,0.037716273218393326,-0.5382329225540161,1.0221878290176392,-0.009728319011628628,-0.6165191531181335,1.0372861623764038,-0.004256740212440491,-0.6185702085494995,1.0402582883834839,0.09470322728157043,-0.3854937255382538,0.9392057061195374,0.1048537865281105,-0.3906862437725067,0.9841182231903076,0.09919314831495285,-0.4090040922164917,0.982492983341217,0.0994822308421135,-0.4006498456001282,0.9731752276420593,0.08985978364944458,-0.41933417320251465,0.9869577288627625,0.08330957591533661,-0.4244387447834015,0.9810653328895569,0.029572393745183945,-0.5658745765686035,1.0358049869537354,0.03536109998822212,-0.5559786558151245,1.0333976745605469,0.02414209395647049,-0.5886186361312866,1.0489859580993652,0.062010616064071655,-0.5116350054740906,1.0200588703155518,0.04925189167261124,-0.5332556962966919,1.031965732574463,0.05428570508956909,-0.5146597623825073,1.022545576095581,0.04437030851840973,-0.5227093696594238,1.0184842348098755,0.04758308827877045,-0.5316989421844482,1.0250979661941528,0.045671246945858,-0.518699049949646,1.0264832973480225,0.04592514410614967,-0.5341389775276184,1.0259720087051392,0.022859379649162292,-0.5985780954360962,1.047996163368225,0.02048223279416561,-0.5917946100234985,1.0382877588272095,-0.0011538863182067871,-0.5667322874069214,1.055110216140747,-0.012824947014451027,-0.5815047025680542,1.0591505765914917,-0.006184720434248447,-0.565388560295105,1.0402085781097412,-0.007720174267888069,-0.5795642137527466,1.049493432044983,0.09036150574684143,-0.38080453872680664,1.0183426141738892,0.07711643725633621,-0.37159329652786255,0.958518385887146,0.07030335068702698,-0.38053977489471436,0.9547095894813538,0.09452710300683975,-0.3604764938354492,0.9927908182144165,0.011487593874335289,-0.5593037009239197,1.0556340217590332,0.009906303137540817,-0.5471214652061462,1.0321171283721924,0.06662386655807495,-0.40997761487960815,0.9817746877670288,0.06154835224151611,-0.4140860438346863,0.9703070521354675,0.08305052667856216,-0.39492833614349365,1.0132733583450317,0.08046593517065048,-0.4073125123977661,1.0152101516723633,0.014492022804915905,-0.5394192934036255,1.0298701524734497,0.008999178186058998,-0.5705693960189819,1.0607088804244995,0.0598774328827858,-0.433983713388443,0.9824849963188171,0.04538413882255554,-0.4575331211090088,0.9955379962921143,0.04672615975141525,-0.45192456245422363,0.9770821332931519,0.01735248602926731,-0.5216180682182312,1.0194340944290161,-0.01513220276683569,-0.6265448331832886,1.0694355964660645,-0.024761563166975975,-0.6494396328926086,1.0759451389312744,-0.024779444560408592,-0.6497681736946106,1.0608800649642944,0.10708826035261154,-0.37810373306274414,1.045147180557251,0.09412794560194016,-0.40449026226997375,1.0394442081451416,0.07034966349601746,-0.43873828649520874,1.0233969688415527,0.06410259753465652,-0.4565204381942749,1.0311702489852905,0.04326378181576729,-0.4630177319049835,0.9736952781677246,0.09255994856357574,-0.4164007008075714,1.0494014024734497,0.08671914786100388,-0.40102407336235046,1.018449068069458,0.08553670346736908,-0.4164101481437683,1.016892433166504,0.0039018550887703896,-0.5989754796028137,1.083245038986206,-0.006093400530517101,-0.6189136505126953,1.0766353607177734,0.016229504719376564,-0.5323343276977539,1.0063495635986328,0.12924878299236298,-0.3110494613647461,0.9884850382804871,0.1324879229068756,-0.2985400855541229,0.9870955944061279,0.028549514710903168,-0.481516569852829,0.9561599493026733,0.07221562415361404,-0.4544459581375122,1.0261728763580322,0.07180874049663544,-0.4659169614315033,1.038708209991455,0.008862299844622612,-0.5957174897193909,1.083540439605713,0.009579760022461414,-0.6019478440284729,1.0816998481750488,-0.00013339705765247345,-0.610597550868988,1.0811114311218262,0.0722070187330246,-0.39581674337387085,0.9233536720275879,0.06851319223642349,-0.40716272592544556,0.9212193489074707,0.06348398327827454,-0.40593260526657104,0.9222440123558044,0.06808440387248993,-0.38977596163749695,0.9158386588096619,0.07160475105047226,-0.39020615816116333,0.9106979370117188,0.0677020326256752,-0.38995814323425293,0.8977093696594238,0.062456727027893066,-0.41253137588500977,0.9424505829811096,0.06525819003582001,-0.3884248733520508,0.8926752805709839,0.060287054628133774,-0.3951437175273895,0.8861688375473022,0.11368085443973541,-0.3576631247997284,0.9908630847930908,0.11425456404685974,-0.3623400926589966,0.9917386770248413,0.10103820264339447,-0.35627639293670654,0.963260293006897,0.10777987539768219,-0.3875651955604553,1.0372002124786377,0.10579987615346909,-0.39376145601272583,1.0335700511932373,0.044091060757637024,-0.5351789593696594,1.08198881149292,0.042832136154174805,-0.5303771495819092,1.0821034908294678,0.04341103136539459,-0.524662971496582,1.0685904026031494,0.06930702924728394,-0.39587754011154175,0.884305477142334,0.06433163583278656,-0.382074236869812,0.884331464767456,0.06637095659971237,-0.4117993116378784,0.9398344159126282,0.006117200944572687,-0.568954348564148,1.0134896039962769,-0.003018522635102272,-0.5822954177856445,1.0116758346557617,0.12161697447299957,-0.37329456210136414,1.0175542831420898,0.11948041617870331,-0.3456535339355469,0.9895806312561035,0.015222840011119843,-0.5932670831680298,1.0660099983215332,0.03623954579234123,-0.48298102617263794,0.9592840671539307,0.1633133739233017,-0.2565095126628876,0.9677658081054688,0.15899358689785004,-0.2668526768684387,0.9686447381973267,0.042467400431632996,-0.4884907007217407,0.9667505025863647,0.12496587634086609,-0.34081053733825684,0.9773380756378174,0.11896374821662903,-0.35507673025131226,0.9821364283561707,0.11589038372039795,-0.35299572348594666,0.9707456827163696,0.02744743600487709,-0.5612119436264038,1.0326037406921387,0.10200109332799911,-0.37017107009887695,0.9434168934822083,0.05583494156599045,-0.47331446409225464,0.9789992570877075,0.11884957551956177,-0.36949723958969116,0.9838396310806274,0.11203726381063461,-0.3807978332042694,0.9848829507827759,0.11415494978427887,-0.3809393346309662,1.007956862449646,0.10725826025009155,-0.3920804262161255,0.9958775043487549,0.11828219145536423,-0.3620033860206604,0.9709765911102295,0.11039258539676666,-0.36238640546798706,0.9592788815498352,0.03267025575041771,-0.5623281002044678,1.0397433042526245,0.03190188109874725,-0.48764854669570923,1.0278581380844116,0.025924498215317726,-0.48641496896743774,1.0240000486373901,0.028933962807059288,-0.49609315395355225,1.0336253643035889,0.029405292123556137,-0.484575092792511,1.0168293714523315,0.019471904262900352,-0.4964553117752075,1.0258480310440063,0.011888815090060234,-0.5402966737747192,1.0490493774414062,0.008574228733778,-0.5482056736946106,1.0542255640029907,0.02633769065141678,-0.5038005113601685,1.0230731964111328,0.018628837540745735,-0.5126050710678101,1.0159345865249634,0.014304550364613533,-0.5299372673034668,1.034175157546997,0.017102666199207306,-0.5303002595901489,1.0436006784439087,0.06961066275835037,-0.39701730012893677,0.9780529737472534,0.09690599143505096,-0.38123267889022827,1.031030535697937,0.10622934997081757,-0.36799269914627075,1.0173159837722778,0.10976415872573853,-0.3341067433357239,0.9853096008300781,0.10822328925132751,-0.33067116141319275,0.9763559699058533,0.02733486331999302,-0.5058339238166809,0.9867833852767944,0.03683722764253616,-0.472975492477417,0.978775143623352,0.02512865886092186,-0.4904312491416931,0.9550141096115112,0.031903449445962906,-0.4845765233039856,0.9818074107170105,0.1627710461616516,-0.2573908269405365,1.0016120672225952,0.16799768805503845,-0.2348165214061737,0.9822514057159424,0.16111348569393158,-0.24458754062652588,0.9873717427253723,0.15956787765026093,-0.24670596420764923,0.9784281253814697,0.14871641993522644,-0.2517276108264923,0.9741840958595276,0.1276930570602417,-0.302376389503479,0.964713454246521,0.11911153793334961,-0.3157801330089569,0.9660003185272217,0.12106581032276154,-0.3594338297843933,1.044132947921753,0.04026082903146744,-0.5340217351913452,1.0797860622406006,0.018906638026237488,-0.5657143592834473,1.0737664699554443,-0.012213770300149918,-0.5962732434272766,1.0075759887695312,-0.010410312563180923,-0.592109739780426,1.0103696584701538,0.07263500243425369,-0.3727782964706421,0.894898533821106,0.06368955224752426,-0.3818622827529907,0.8877729177474976,0.14035168290138245,-0.3057418465614319,0.9859477281570435,0.1311032921075821,-0.3150695860385895,0.9868413805961609,0.039242181926965714,-0.5292068719863892,1.0845245122909546,0.05772824585437775,-0.4517495036125183,0.9638217687606812,0.05410362780094147,-0.462374746799469,0.9690849781036377,0.07121123373508453,-0.4614675045013428,1.029697299003601,0.0634530633687973,-0.4703337550163269,1.0307669639587402,0.05622892826795578,-0.48634082078933716,1.0316200256347656,0.08476240932941437,-0.41011905670166016,0.9492594003677368,0.1587972342967987,-0.2775530219078064,0.9801757335662842,0.15089647471904755,-0.28599879145622253,0.9691758155822754,-0.00408385181799531,-0.6248313188552856,1.0488128662109375,0.09234904497861862,-0.4231606125831604,1.0032789707183838,0.08634760975837708,-0.43693995475769043,0.9939664006233215,0.08759219944477081,-0.4103214144706726,0.9626963138580322,0.08354810625314713,-0.40433138608932495,0.9379447102546692,0.07225359976291656,-0.4197407364845276,0.9566671848297119,0.10024161636829376,-0.3974788784980774,0.9902299046516418,0.10760585963726044,-0.39934247732162476,1.0067229270935059,0.10097236931324005,-0.4071902632713318,1.0048907995224,0.09802473336458206,-0.4112994074821472,0.9910809397697449,0.08301128447055817,-0.3787500858306885,0.9961990714073181,0.0880809798836708,-0.3566484749317169,0.9768648147583008,0.08323675394058228,-0.36719775199890137,0.9859527945518494,0.0785183385014534,-0.3737128973007202,0.9758543968200684,0.001093507744371891,-0.5593728423118591,1.0367745161056519,0.07289634644985199,-0.37496447563171387,0.9463884830474854,-0.0023201690055429935,-0.5934394598007202,1.066169261932373,0.05593675747513771,-0.42634791135787964,0.9699105024337769,0.14579106867313385,-0.2682466506958008,0.985878586769104,0.13767847418785095,-0.27473902702331543,0.9789470434188843,0.13931632041931152,-0.27192482352256775,0.9725631475448608,0.09273461997509003,-0.4002070426940918,1.0203392505645752,0.09330057352781296,-0.4153085947036743,1.0410189628601074,0.09455263614654541,-0.403219997882843,1.0260260105133057,0.07033530622720718,-0.38999414443969727,0.922572672367096,0.05571628361940384,-0.39201807975769043,0.8858970403671265,0.011567015200853348,-0.5472773313522339,1.0102380514144897,0.01003570482134819,-0.5562348365783691,1.0116736888885498,0.00263234693557024,-0.5655196309089661,1.0167899131774902,0.10474439710378647,-0.35925787687301636,0.995962917804718,0.09610160440206528,-0.4145190417766571,1.0448635816574097,0.08996335417032242,-0.41627252101898193,1.0434792041778564,0.09486284852027893,-0.41339653730392456,1.0300490856170654,0.092451311647892,-0.4114786982536316,1.0153647661209106,-0.022986100986599922,-0.616200864315033,1.0147714614868164,-0.02693927101790905,-0.6405454277992249,1.042626976966858,0.16375744342803955,-0.2463439553976059,0.974684476852417,0.16696178913116455,-0.2345367670059204,0.9584249258041382,0.16581247746944427,-0.2363029420375824,0.9703917503356934,0.16442665457725525,-0.24456235766410828,0.9703836441040039,0.16346286237239838,-0.24671082198619843,0.963715672492981,0.15870198607444763,-0.2345624566078186,0.9551839232444763,0.1580432951450348,-0.24753451347351074,0.9601892232894897,0.07098306715488434,-0.41835975646972656,0.9516920447349548,0.15242016315460205,-0.26213517785072327,0.9544982314109802,0.13911908864974976,-0.30232495069503784,0.9660890698432922,0.13038140535354614,-0.3135429620742798,0.9641704559326172,0.1304028183221817,-0.32434216141700745,0.9769253730773926,0.11652664840221405,-0.36680543422698975,0.9874516725540161,0.11427867412567139,-0.36946243047714233,1.0035665035247803,0.07469186931848526,-0.40560802817344666,0.9303191900253296,0.07540473341941833,-0.4653817415237427,1.0067838430404663,0.07405773550271988,-0.44820255041122437,0.9875184297561646,0.03711128234863281,-0.5561853647232056,1.0369900465011597,0.07066680490970612,-0.4832357168197632,1.0090970993041992,0.06244010478258133,-0.4995798170566559,1.0177513360977173,0.0690852627158165,-0.49813711643218994,1.0093345642089844,0.05850812792778015,-0.5118615627288818,1.0171607732772827,0.055534809827804565,-0.4505995512008667,1.0144679546356201,0.04115743190050125,-0.46192508935928345,1.014788269996643,0.06099425628781319,-0.4371623992919922,1.016216516494751,0.04611845314502716,-0.45233353972435,1.0045678615570068,-0.017980974167585373,-0.6012343168258667,1.0284287929534912,0.10963216423988342,-0.33247464895248413,0.9682652950286865,0.10193026065826416,-0.34688451886177063,0.9696894884109497,0.10158878564834595,-0.3479350805282593,0.9841783046722412,0.12053043395280838,-0.308633953332901,0.9815105199813843,0.11747465282678604,-0.3171612322330475,0.9850726127624512,0.034538060426712036,-0.5264047980308533,1.0670952796936035,0.02845590189099312,-0.533344566822052,1.0645270347595215,0.0422963947057724,-0.5142795443534851,1.057249665260315,-0.0010175695642828941,-0.5754134654998779,1.0136561393737793,0.08324608206748962,-0.3515321910381317,0.892660915851593,0.07964295148849487,-0.35656654834747314,0.8919386267662048,0.17160573601722717,-0.2265908420085907,0.9625334739685059,0.1629362851381302,-0.22821253538131714,0.9560320377349854,0.1622866988182068,-0.26653218269348145,1.0103154182434082,0.16552329063415527,-0.27285173535346985,1.0043413639068604,-0.001751268282532692,-0.6190505027770996,1.0746700763702393,-0.010774543508887291,-0.6333653926849365,1.0710532665252686,0.001016000285744667,-0.617200493812561,1.0474482774734497,0.059182487428188324,-0.44369372725486755,0.9604700207710266,0.1696317046880722,-0.2487967312335968,0.9908104538917542,0.1671835333108902,-0.25048086047172546,0.9926797151565552,0.16631700098514557,-0.2577589750289917,0.9932876229286194,0.10934636741876602,-0.3925548791885376,1.0196418762207031,0.040278639644384384,-0.5358095765113831,1.0347580909729004,0.09809113293886185,-0.3797716498374939,0.9418997764587402,0.09321707487106323,-0.390541136264801,0.9517908096313477,0.005351727828383446,-0.5413652658462524,1.0430489778518677,0.006158061325550079,-0.5521220564842224,1.0433669090270996,0.09387817233800888,-0.36676549911499023,1.0057958364486694,0.06163528189063072,-0.41978734731674194,0.9862821698188782,0.055640462785959244,-0.43188193440437317,0.9946959018707275,0.10577765107154846,-0.3554542064666748,0.9930943846702576,0.15378127992153168,-0.244894877076149,0.962314248085022,0.1468239277601242,-0.2560563087463379,0.9599819779396057,0.1477682888507843,-0.2612043023109436,0.9552273750305176,0.16244173049926758,-0.263863205909729,1.0101758241653442,0.1597851663827896,-0.2638671100139618,1.0079834461212158,0.15101772546768188,-0.26698607206344604,0.9934706091880798,-0.015529947355389595,-0.6307724714279175,1.0750375986099243,0.031227482482790947,-0.4933815598487854,0.9678072929382324,0.025628656148910522,-0.4861639738082886,0.9476832747459412,0.15569524466991425,-0.23738402128219604,0.9579681158065796,0.022226691246032715,-0.5728253126144409,1.0817822217941284,0.017884869128465652,-0.5829428434371948,1.088935375213623,0.12546464800834656,-0.33336299657821655,0.9914757013320923,0.11221443861722946,-0.34245818853378296,0.992433488368988,0.0596398264169693,-0.39354121685028076,0.8815523982048035,0.17005865275859833,-0.2529141306877136,1.0008938312530518,0.17535559833049774,-0.23510907590389252,0.98274827003479,0.1647801697254181,-0.24297457933425903,0.9839490652084351,0.08405137807130814,-0.3554273545742035,0.8900824785232544,0.0855344906449318,-0.3650369346141815,0.9111599922180176,0.14839741587638855,-0.296312540769577,0.9781525731086731,0.02881462872028351,-0.5033591389656067,0.973271906375885,0.03203479200601578,-0.49105340242385864,0.9483168125152588,0.07410915195941925,-0.4653705358505249,1.0366514921188354,0.043506473302841187,-0.5091079473495483,1.0081369876861572,0.05061089247465134,-0.5108134150505066,1.0139247179031372,0.06404541432857513,-0.48153799772262573,0.9998930096626282,0.0583675391972065,-0.49424463510513306,1.005133032798767,0.07325717806816101,-0.40976589918136597,1.001889944076538,0.058267563581466675,-0.44672515988349915,1.0230094194412231,0.04912490397691727,-0.46434077620506287,1.0216667652130127,0.018768759444355965,-0.5151981115341187,0.9948433637619019,0.08098119497299194,-0.36513322591781616,0.913170337677002,0.07450442761182785,-0.37370574474334717,0.8989771604537964,0.06996998190879822,-0.38142237067222595,0.9203269481658936,0.0996752679347992,-0.40517133474349976,1.0371530055999756,0.09404010325670242,-0.4030987322330475,1.0221433639526367,0.021736450493335724,-0.5833020210266113,1.0827155113220215,0.1613921821117401,-0.26234695315361023,0.9788844585418701,0.1290966123342514,-0.32813650369644165,0.9824622869491577,0.12481234222650528,-0.3347989618778229,0.9670348167419434,0.08641385287046432,-0.3789684772491455,1.0069142580032349,0.07652823626995087,-0.39050838351249695,0.9961912035942078,0.07311979681253433,-0.3961251676082611,0.999329686164856,0.06935429573059082,-0.3857892155647278,0.9857872128486633,0.09418264776468277,-0.35356494784355164,0.9747539162635803,0.12357500195503235,-0.29548367857933044,0.9710997343063354,0.11530576646327972,-0.37007272243499756,1.041877031326294,0.11153523623943329,-0.3687278926372528,1.0373835563659668,0.022504596039652824,-0.5478746891021729,1.0130983591079712,0.10336361825466156,-0.39699119329452515,1.0147943496704102,0.09480585902929306,-0.40685412287712097,1.015338659286499,0.0933569148182869,-0.3786209225654602,0.9353903532028198,0.06950719654560089,-0.46229881048202515,1.0228644609451294,0.06940536201000214,-0.46919411420822144,1.0295143127441406,0.07756142318248749,-0.4276525378227234,0.9738329648971558,0.047906890511512756,-0.5227470397949219,1.0128549337387085,0.07149069011211395,-0.38873291015625,0.9579059481620789,0.012037813663482666,-0.5500679612159729,1.0181658267974854,0.1182541698217392,-0.33115628361701965,0.9915961027145386,0.1685507744550705,-0.23365351557731628,0.9742869138717651,0.17250710725784302,-0.2449113428592682,1.0078301429748535,0.15602728724479675,-0.26929977536201477,0.9941071271896362,0.1539604365825653,-0.2743990123271942,0.9878897666931152,0.1458953619003296,-0.28563717007637024,0.984870433807373,-0.015865569934248924,-0.6454739570617676,1.0755467414855957,-0.023891780525445938,-0.6595335006713867,1.087210774421692,0.16297459602355957,-0.27012091875076294,0.9912517666816711,-0.02596273086965084,-0.6527041792869568,1.0573573112487793,-0.020700806751847267,-0.6548980474472046,1.0766420364379883,0.09558864682912827,-0.4045630097389221,1.0208210945129395,0.060411423444747925,-0.4418211281299591,0.9621380567550659,0.06189718097448349,-0.4326460361480713,0.950918436050415,0.0038516419008374214,-0.6102829575538635,1.0465000867843628,0.08053728938102722,-0.44503068923950195,1.0090501308441162,0.022731414064764977,-0.5283291935920715,1.0502513647079468,0.02181217446923256,-0.5269174575805664,1.0429043769836426,0.14134499430656433,-0.27805864810943604,0.9834497570991516,0.14006280899047852,-0.28441178798675537,0.9858044981956482,0.11509552597999573,-0.3865738809108734,1.0255194902420044,0.07186988741159439,-0.438663125038147,0.9761132001876831,0.10886972397565842,-0.39727944135665894,1.0076160430908203,0.104319266974926,-0.3842143714427948,0.9705337285995483,0.08980754017829895,-0.3894822895526886,1.0189690589904785,0.16081666946411133,-0.23879995942115784,0.9718557000160217,0.15151521563529968,-0.27451246976852417,0.9640587568283081,0.14331978559494019,-0.2696841061115265,0.9577777981758118,0.14697816967964172,-0.2791687846183777,0.9633064866065979,0.11798803508281708,-0.3357398509979248,0.9628317952156067,0.13710163533687592,-0.31522172689437866,0.9715137481689453,0.07159675657749176,-0.43318718671798706,0.9622559547424316,0.07872898876667023,-0.43941783905029297,0.9878907799720764,0.04972325265407562,-0.4993971586227417,0.9999845027923584,0.06731168180704117,-0.4720800518989563,1.0054244995117188,0.03539363294839859,-0.47047173976898193,1.0165607929229736,0.10040011256933212,-0.35349565744400024,0.989700436592102,0.09868745505809784,-0.41666534543037415,1.0435371398925781,0.11710935831069946,-0.3112679123878479,0.9730927348136902,0.1562194526195526,-0.23639273643493652,0.9694971442222595,0.030986780300736427,-0.584608793258667,1.03916597366333,0.026079606264829636,-0.5821524858474731,1.0319267511367798,-0.017369432374835014,-0.6044318675994873,1.0080503225326538,0.10210096091032028,-0.3961677849292755,1.0275057554244995,-0.014624599367380142,-0.6324886083602905,1.0456604957580566